2024-09-05 11:42:46,22.1,24.8,23.8,22.9,23.0,22.9,26.3,26.4
2024-09-05 11:42:46,22.1,24.8,23.8,22.9,23.0,22.9,26.3,26.4
2024-09-05 11:42:46,22.1,24.8,23.8,22.9,23.0,22.9,26.3,26.4
2024-09-05 11:42:46,22.1,24.8,23.8,22.9,23.0,22.9,26.3,26.4
2024-09-05 11:42:46,22.1,24.8,23.8,22.9,23.0,22.9,26.3,26.4
2024-09-05 11:42:46,22.1,24.8,23.8,22.9,23.0,22.9,26.3,26.3
2024-09-05 11:42:47,22.1,24.8,23.8,22.9,23.0,22.9,26.3,26.4
2024-09-05 11:42:47,22.1,24.8,23.8,22.9,23.0,22.9,26.3,26.4
2024-09-05 11:42:47,22.1,24.8,23.8,22.9,23.0,22.9,26.3,26.4
2024-09-05 11:42:47,22.1,24.8,23.8,22.9,23.0,22.9,26.3,26.4
2024-09-05 11:42:47,22.1,24.8,23.8,22.9,23.0,22.9,26.3,26.4
2024-09-05 11:42:47,22.1,24.8,23.8,22.9,23.0,22.9,26.3,26.3
2024-09-05 11:42:47,22.1,24.8,23.8,22.9,23.0,22.9,26.3,26.3
2024-09-05 11:42:47,22.2,24.8,23.8,22.9,23.0,22.9,26.3,26.3
2024-09-05 11:42:47,22.2,24.8,23.8,22.9,23.0,22.9,26.3,26.3
2024-09-05 11:42:47,22.1,24.8,23.8,22.9,23.0,22.9,26.3,26.4
2024-09-05 11:42:48,22.2,24.8,23.7,22.9,23.0,22.9,26.3,26.3
2024-09-05 11:42:48,22.1,24.8,23.8,22.9,23.0,22.9,26.3,26.3
2024-09-05 11:42:48,22.1,24.8,23.7,22.9,23.0,22.9,26.3,26.3
2024-09-05 11:42:48,22.2,24.8,23.7,22.9,23.0,22.9,26.3,26.3
2024-09-05 11:42:48,22.1,24.8,23.8,22.9,23.0,22.9,26.3,26.4
2024-09-05 11:42:48,22.2,24.8,23.7,22.9,23.0,22.9,26.3,26.3
2024-09-05 11:42:48,22.2,24.8,23.7,22.9,23.0,22.9,26.3,26.3
2024-09-05 11:42:48,22.2,24.8,23.7,22.9,22.9,22.9,26.3,26.4
2024-09-05 11:42:48,22.2,24.8,23.8,23.0,22.9,22.9,26.3,26.3
2024-09-05 11:42:48,22.2,24.8,23.7,22.9,22.9,22.9,26.3,26.4
2024-09-05 11:42:49,22.2,24.8,23.7,22.9,22.9,22.9,26.3,26.4
2024-09-05 11:42:49,22.2,24.8,23.7,22.9,22.9,22.9,26.3,26.3
2024-09-05 11:42:49,22.2,24.8,23.7,22.9,22.9,22.9,26.3,26.3
2024-09-05 11:42:49,22.2,24.8,23.7,22.9,22.9,22.9,26.3,26.3
2024-09-05 11:42:49,22.2,24.7,23.7,22.9,22.9,22.9,26.3,26.4
2024-09-05 11:42:49,22.2,24.8,23.7,22.9,22.9,22.9,26.3,26.4
2024-09-05 11:42:49,22.2,24.7,23.7,22.9,22.9,22.9,26.3,26.3
2024-09-05 11:42:49,22.2,24.7,23.7,22.9,22.9,22.9,26.3,26.4
2024-09-05 11:42:49,22.2,24.7,23.7,22.9,22.9,22.9,26.3,26.4
2024-09-05 11:42:49,22.2,24.7,23.7,22.9,22.9,22.9,26.3,26.3
2024-09-05 11:42:50,22.2,24.7,23.7,22.9,22.9,22.8,26.3,26.3
2024-09-05 11:42:50,22.2,24.7,23.7,22.9,22.9,22.9,26.3,26.3
2024-09-05 11:42:50,22.2,24.7,23.7,22.9,23.0,22.9,26.3,26.3
2024-09-05 11:42:50,22.2,24.7,23.7,22.9,22.9,22.9,26.3,26.3
2024-09-05 11:42:50,22.1,24.7,23.7,22.9,22.9,22.9,26.3,26.4
2024-09-05 11:42:50,22.1,24.7,23.7,22.9,22.9,22.9,26.3,26.3
2024-09-05 11:42:50,22.1,24.7,23.7,22.9,22.9,22.9,26.3,26.4
2024-09-05 11:42:50,22.2,24.7,23.7,22.9,22.9,22.9,26.3,26.3
2024-09-05 11:42:50,22.2,24.7,23.7,22.9,22.9,22.9,26.3,26.4
2024-09-05 11:42:50,22.1,24.7,23.7,22.9,22.9,22.8,26.3,26.4
2024-09-05 11:42:51,22.2,24.7,23.6,22.9,22.9,22.9,26.3,26.3
2024-09-05 11:42:51,22.2,24.7,23.7,22.9,22.9,22.9,26.3,26.4
2024-09-05 11:42:51,22.1,24.7,23.6,22.9,22.9,22.8,26.3,26.3
2024-09-05 11:42:51,22.2,24.7,23.7,22.9,22.9,22.8,26.3,26.3
2024-09-05 11:42:51,22.1,24.7,23.6,22.9,22.9,22.8,26.3,26.3
2024-09-05 11:42:51,22.1,24.7,23.6,22.9,22.9,22.8,26.3,26.4
2024-09-05 11:42:51,22.1,24.7,23.7,22.9,22.9,22.8,26.3,26.3
2024-09-05 11:42:51,22.1,24.7,23.7,22.9,22.9,22.9,26.3,26.3
2024-09-05 11:42:51,22.1,24.6,23.6,22.9,22.9,22.8,26.3,26.3
2024-09-05 11:42:51,22.1,24.6,23.6,22.9,22.9,22.8,26.3,26.3
2024-09-05 11:42:52,22.1,24.6,23.6,22.9,22.9,22.9,26.3,26.4
2024-09-05 11:42:52,22.1,24.6,23.6,22.9,22.9,22.8,26.2,26.3
2024-09-05 11:42:52,22.1,24.6,23.6,22.9,22.9,22.8,26.3,26.3
2024-09-05 11:42:52,22.1,24.6,23.6,22.9,22.9,22.8,26.3,26.4
2024-09-05 11:42:52,22.1,24.6,23.6,22.9,22.9,22.8,26.3,26.3
2024-09-05 11:42:52,22.1,24.5,23.6,22.9,22.9,22.8,26.3,26.3
2024-09-05 11:42:52,22.1,24.5,23.6,22.9,22.9,22.8,26.3,26.3
2024-09-05 11:42:52,22.1,24.5,23.6,22.9,22.9,22.8,26.3,26.3
2024-09-05 11:42:52,22.1,24.5,23.6,22.9,22.9,22.9,26.3,26.3
2024-09-05 11:42:52,22.1,24.5,23.6,22.9,22.9,22.9,26.3,26.3
2024-09-05 11:42:53,22.1,24.5,23.6,22.9,22.9,22.9,26.3,26.4
2024-09-05 11:42:53,22.1,24.5,23.6,22.9,22.9,22.9,26.3,26.3
2024-09-05 11:42:53,22.1,24.5,23.6,22.9,22.9,22.9,26.3,26.4
2024-09-05 11:42:53,22.1,24.5,23.6,22.9,22.9,22.9,26.3,26.4
2024-09-05 11:42:53,22.2,24.5,23.6,22.9,22.9,22.9,26.3,26.4
2024-09-05 11:42:53,22.1,24.5,23.6,22.9,22.9,22.9,26.3,26.4
2024-09-05 11:42:53,22.1,24.5,23.6,23.0,23.0,22.9,26.3,26.3
2024-09-05 11:42:53,22.2,24.5,23.6,22.9,22.9,22.9,26.3,26.3
2024-09-05 11:42:53,22.1,24.5,23.6,22.9,23.0,22.9,26.3,26.3
2024-09-05 11:42:53,22.2,24.6,23.6,22.9,23.0,22.9,26.3,26.4
2024-09-05 11:42:54,22.2,24.5,23.6,22.9,23.0,22.9,26.3,26.3
2024-09-05 11:42:54,22.2,24.6,23.6,22.9,22.9,22.9,26.3,26.4
2024-09-05 11:42:54,22.1,24.5,23.6,22.9,23.0,22.9,26.3,26.4
2024-09-05 11:42:54,22.2,24.5,23.6,23.0,23.0,22.9,26.3,26.4
2024-09-05 11:42:54,22.2,24.6,23.6,23.0,23.0,22.9,26.3,26.3
2024-09-05 11:42:54,22.2,24.5,23.6,23.0,23.0,22.9,26.3,26.3
2024-09-05 11:42:54,22.2,24.6,23.6,23.0,23.0,22.9,26.3,26.3
2024-09-05 11:42:54,22.2,24.5,23.6,23.0,23.0,22.9,26.3,26.4
2024-09-05 11:42:54,22.2,24.5,23.6,23.0,23.0,22.9,26.3,26.3
2024-09-05 11:42:54,22.2,24.5,23.6,23.0,23.0,22.9,26.3,26.4
2024-09-05 11:42:55,22.2,24.5,23.6,23.0,23.0,22.9,26.3,26.4
2024-09-05 11:42:55,22.1,24.5,23.7,23.0,23.0,22.9,26.3,26.4
2024-09-05 11:42:55,22.2,24.5,23.6,23.0,23.0,23.0,26.3,26.4
2024-09-05 11:42:55,22.2,24.5,23.6,23.0,23.0,22.9,26.3,26.3
2024-09-05 11:42:55,22.2,24.5,23.6,23.0,23.1,22.9,26.3,26.4
2024-09-05 11:42:55,22.2,24.5,23.7,23.0,23.1,23.0,26.3,26.4
2024-09-05 11:42:55,22.2,24.5,23.7,23.0,23.1,23.0,26.3,26.3
2024-09-05 11:42:55,22.2,24.5,23.7,23.0,23.1,23.0,26.3,26.4
2024-09-05 11:42:55,22.2,24.5,23.7,23.0,23.1,23.0,26.3,26.4
2024-09-05 11:42:55,22.2,24.5,23.7,23.0,23.1,23.0,26.3,26.4
2024-09-05 11:42:56,22.2,24.5,23.7,23.0,23.1,23.0,26.3,26.4
2024-09-05 11:42:56,22.2,24.6,23.7,23.0,23.1,23.0,26.3,26.3
2024-09-05 11:42:56,22.2,24.5,23.7,23.0,23.2,23.1,26.3,26.4
2024-09-05 11:42:56,22.2,24.6,23.7,23.0,23.2,23.0,26.3,26.4
2024-09-05 11:42:56,22.2,24.6,23.8,23.0,23.1,23.0,26.3,26.4
2024-09-05 11:42:56,22.2,24.6,23.7,23.0,23.2,23.0,26.3,26.3
2024-09-05 11:42:56,22.2,24.6,23.8,23.0,23.2,23.0,26.3,26.3
2024-09-05 11:42:56,22.2,24.6,23.8,23.1,23.2,23.1,26.3,26.3
2024-09-05 11:42:56,22.2,24.6,23.8,23.1,23.2,23.0,26.3,26.4
2024-09-05 11:42:56,22.2,24.6,23.8,23.0,23.2,23.1,26.3,26.3
2024-09-05 11:42:57,22.2,24.6,23.8,23.1,23.2,23.1,26.3,26.4
2024-09-05 11:42:57,22.2,24.6,23.8,23.1,23.2,23.1,26.3,26.3
2024-09-05 11:42:57,22.2,24.6,23.8,23.1,23.2,23.1,26.3,26.3
2024-09-05 11:42:57,22.2,24.6,23.8,23.1,23.2,23.1,26.3,26.4
2024-09-05 11:42:57,22.2,24.6,23.8,23.1,23.2,23.1,26.3,26.4
2024-09-05 11:42:57,22.2,24.6,23.8,23.1,23.2,23.1,26.3,26.4
2024-09-05 11:42:57,22.2,24.6,23.8,23.1,23.2,23.1,26.3,26.3
2024-09-05 11:42:57,22.2,24.6,23.8,23.0,23.2,23.1,26.3,26.3
2024-09-05 11:42:57,22.2,24.6,23.8,23.0,23.2,23.1,26.3,26.4
2024-09-05 11:42:57,22.2,24.6,23.8,23.0,23.2,23.1,26.3,26.4
2024-09-05 11:42:58,22.3,24.6,23.8,23.0,23.2,23.1,26.3,26.3
2024-09-05 11:42:58,22.3,24.6,23.8,23.0,23.2,23.1,26.3,26.3
2024-09-05 11:42:58,22.2,24.6,23.8,23.1,23.2,23.1,26.3,26.4
2024-09-05 11:42:58,22.2,24.6,23.8,23.1,23.2,23.1,26.3,26.4
2024-09-05 11:42:58,22.2,24.6,23.8,23.0,23.2,23.1,26.3,26.4
2024-09-05 11:42:58,22.2,24.6,23.8,23.1,23.2,23.1,26.3,26.3
2024-09-05 11:42:58,22.2,24.6,23.8,23.0,23.2,23.1,26.3,26.3
2024-09-05 11:42:58,22.2,24.6,23.7,23.1,23.2,23.1,26.3,26.3
2024-09-05 11:42:58,22.2,24.7,23.8,23.1,23.2,23.1,26.3,26.4
2024-09-05 11:42:58,22.2,24.7,23.7,23.1,23.2,23.1,26.3,26.4
2024-09-05 11:42:59,22.2,24.7,23.8,23.1,23.2,23.1,26.3,26.3
2024-09-05 11:42:59,22.2,24.7,23.7,23.2,23.2,23.2,26.3,26.4
2024-09-05 11:42:59,22.2,24.7,23.8,23.6,23.2,23.2,26.3,26.3
2024-09-05 11:42:59,22.2,24.7,23.8,23.9,23.2,23.2,26.3,26.4
2024-09-05 11:42:59,22.2,24.7,23.9,24.2,23.2,23.3,26.3,26.3
2024-09-05 11:42:59,22.2,24.8,23.9,24.7,23.3,23.3,26.3,26.4
2024-09-05 11:42:59,22.2,24.8,24.0,25.2,23.4,23.3,26.3,26.3
2024-09-05 11:42:59,22.3,24.9,24.1,25.5,23.6,23.3,26.3,26.3
2024-09-05 11:42:59,22.3,25.1,24.2,25.9,23.6,23.4,26.3,26.3
2024-09-05 11:42:59,22.3,25.5,24.3,26.2,23.8,23.4,26.3,26.3
2024-09-05 11:43:00,22.3,25.9,24.4,26.5,23.9,23.4,26.3,26.4
2024-09-05 11:43:00,22.4,26.5,24.5,26.8,24.2,23.4,26.3,26.3
2024-09-05 11:43:00,22.5,27.2,24.6,26.8,24.3,23.4,26.3,26.4
2024-09-05 11:43:00,22.5,27.8,24.8,26.8,24.5,23.4,26.3,26.3
2024-09-05 11:43:00,22.5,28.4,25.0,26.9,24.7,23.4,26.3,26.3
2024-09-05 11:43:00,22.6,28.9,25.0,26.7,24.8,23.4,26.3,26.3
2024-09-05 11:43:00,22.7,29.5,25.1,26.6,25.0,23.4,26.3,26.4
2024-09-05 11:43:00,22.7,30.3,25.2,26.7,25.2,23.5,26.3,26.3
2024-09-05 11:43:00,22.8,31.1,25.3,26.6,25.3,23.5,26.3,26.3
2024-09-05 11:43:00,22.9,31.7,25.4,26.6,25.4,23.5,26.3,26.3
2024-09-05 11:43:01,23.0,32.3,25.5,26.5,25.5,23.6,26.3,26.3
2024-09-05 11:43:01,23.1,32.7,25.7,26.4,25.6,23.6,26.3,26.3
2024-09-05 11:43:01,23.2,32.8,25.7,26.4,25.8,23.7,26.3,26.3
2024-09-05 11:43:01,23.3,32.8,25.8,26.3,25.8,23.7,26.3,26.3
2024-09-05 11:43:01,23.4,32.8,25.9,26.3,25.9,23.8,26.3,26.3
2024-09-05 11:43:01,23.5,32.8,25.9,26.2,26.1,23.7,26.3,26.3
2024-09-05 11:43:01,23.5,32.7,25.9,26.0,26.1,23.7,26.3,26.3
2024-09-05 11:43:01,23.6,32.3,26.0,25.8,26.1,23.7,26.3,26.3
2024-09-05 11:43:01,23.6,31.9,26.0,25.7,26.0,23.7,26.3,26.3
2024-09-05 11:43:01,23.5,31.4,25.9,25.5,26.0,23.7,26.3,26.3
2024-09-05 11:43:02,23.5,30.9,25.8,25.3,25.9,23.7,26.3,26.3
2024-09-05 11:43:02,23.4,30.9,25.8,25.2,25.7,23.7,26.3,26.3
2024-09-05 11:43:02,23.3,30.4,25.7,25.0,25.6,23.6,26.3,26.3
2024-09-05 11:43:02,23.2,30.1,25.6,24.9,25.4,23.6,26.3,26.4
2024-09-05 11:43:02,23.1,29.9,25.5,24.8,25.2,23.6,26.3,26.3
2024-09-05 11:43:02,23.1,29.8,25.3,24.7,25.1,23.6,26.3,26.3
2024-09-05 11:43:02,23.0,29.7,25.3,24.6,24.9,23.6,26.3,26.3
2024-09-05 11:43:02,23.0,29.6,25.2,24.5,24.8,23.5,26.3,26.4
2024-09-05 11:43:02,23.0,29.5,25.1,24.4,24.7,23.6,26.3,26.3
2024-09-05 11:43:02,22.9,29.4,25.0,24.4,24.7,23.5,26.3,26.3
2024-09-05 11:43:03,22.9,29.4,25.0,24.3,24.6,23.5,26.3,26.3
2024-09-05 11:43:03,22.9,29.3,25.0,24.2,24.6,23.5,26.3,26.3
2024-09-05 11:43:03,22.9,29.3,24.9,24.2,24.6,23.5,26.3,26.3
2024-09-05 11:43:03,22.9,29.2,24.9,24.2,24.5,23.5,26.3,26.4
2024-09-05 11:43:03,22.8,29.1,24.9,24.1,24.5,23.5,26.3,26.3
2024-09-05 11:43:03,22.8,29.1,24.8,24.1,24.5,23.5,26.3,26.4
2024-09-05 11:43:03,22.8,29.0,24.8,24.0,24.5,23.5,26.3,26.3
2024-09-05 11:43:03,22.8,29.0,24.8,24.0,24.4,23.4,26.3,26.3
2024-09-05 11:43:03,22.7,28.9,24.7,24.0,24.4,23.4,26.3,26.4
2024-09-05 11:43:03,22.7,28.9,24.7,24.0,24.3,23.4,26.3,26.3
2024-09-05 11:43:04,22.7,28.8,24.7,23.9,24.3,23.4,26.3,26.3
2024-09-05 11:43:04,22.7,28.8,24.7,23.9,24.3,23.4,26.3,26.4
2024-09-05 11:43:04,22.7,28.7,24.7,23.9,24.3,23.4,26.3,26.4
2024-09-05 11:43:04,22.7,28.7,24.7,23.9,24.2,23.4,26.3,26.3
2024-09-05 11:43:04,22.7,28.7,24.7,23.9,24.2,23.4,26.3,26.3
2024-09-05 11:43:04,22.7,28.6,24.7,23.9,24.2,23.4,26.3,26.3
2024-09-05 11:43:04,22.7,28.6,24.6,23.8,24.2,23.4,26.3,26.4
2024-09-05 11:43:04,22.7,28.5,24.6,23.8,24.2,23.4,26.3,26.3
2024-09-05 11:43:04,22.7,28.5,24.6,23.8,24.1,23.3,26.3,26.3
2024-09-05 11:43:04,22.7,28.4,24.6,23.8,24.1,23.3,26.3,26.3
2024-09-05 11:43:05,22.6,28.4,24.6,23.8,24.1,23.3,26.3,26.4
2024-09-05 11:43:05,22.7,28.3,24.5,23.7,24.1,23.4,26.3,26.4
2024-09-05 11:43:05,22.6,28.3,24.8,23.7,24.1,23.3,26.3,26.4
2024-09-05 11:43:05,22.6,28.5,24.8,23.7,24.0,23.3,26.3,26.3
2024-09-05 11:43:05,22.6,30.0,26.1,23.8,24.3,23.3,26.3,26.4
2024-09-05 11:43:05,22.6,32.3,28.2,23.9,25.7,23.3,26.3,26.3
2024-09-05 11:43:05,22.6,34.6,30.5,25.6,27.4,23.3,26.3,26.3
2024-09-05 11:43:05,22.6,37.9,33.9,30.2,29.2,23.3,26.3,26.3
2024-09-05 11:43:05,22.6,42.7,38.0,36.2,31.7,23.3,26.3,26.3
2024-09-05 11:43:05,22.7,47.7,42.4,42.1,36.7,23.3,26.3,26.3
2024-09-05 11:43:06,22.7,53.1,47.0,48.5,42.7,23.3,26.3,26.3
2024-09-05 11:43:06,22.8,59.5,52.3,55.2,48.5,23.3,26.3,26.3
2024-09-05 11:43:06,22.9,65.8,57.8,61.7,54.3,23.3,26.3,26.3
2024-09-05 11:43:06,24.3,71.8,62.8,67.8,59.9,23.3,26.3,26.3
2024-09-05 11:43:06,26.9,76.3,66.8,73.9,59.9,23.3,26.3,26.3
2024-09-05 11:43:06,29.5,80.1,71.4,80.0,65.5,23.3,26.3,26.3
2024-09-05 11:43:06,32.0,83.7,76.9,84.4,70.3,23.3,26.3,26.3
2024-09-05 11:43:06,34.3,86.2,81.1,85.7,74.5,23.3,26.3,26.3
2024-09-05 11:43:06,36.5,87.1,84.3,86.0,78.3,23.3,26.3,26.3
2024-09-05 11:43:06,38.5,87.6,87.5,87.2,81.2,23.3,26.3,26.3
2024-09-05 11:43:07,40.4,87.7,91.8,87.8,81.5,23.3,26.3,26.3
2024-09-05 11:43:07,42.2,86.6,95.5,87.9,80.7,23.3,26.3,26.3
2024-09-05 11:43:07,43.9,85.3,98.8,88.3,79.8,23.3,26.3,26.3
2024-09-05 11:43:07,44.2,84.3,98.8,89.9,78.8,23.3,26.3,26.3
2024-09-05 11:43:07,43.3,84.3,102.2,91.7,77.9,23.3,26.3,26.4
2024-09-05 11:43:07,42.3,83.4,105.7,93.4,76.4,23.3,26.3,26.3
2024-09-05 11:43:07,41.4,82.4,108.4,96.7,74.7,23.3,26.3,26.3
2024-09-05 11:43:07,40.6,81.6,109.9,102.5,73.1,23.3,26.3,26.3
2024-09-05 11:43:07,40.6,81.0,111.5,109.2,72.4,23.3,26.3,26.4
2024-09-05 11:43:07,39.2,81.3,113.2,114.8,72.4,23.3,26.3,26.3
2024-09-05 11:43:08,38.6,81.8,114.3,120.1,73.9,23.3,26.3,26.3
2024-09-05 11:43:08,38.1,82.3,113.9,125.5,73.9,23.3,26.3,26.3
2024-09-05 11:43:08,38.1,83.1,113.3,132.7,75.0,23.3,26.3,26.3
2024-09-05 11:43:08,37.6,85.6,114.0,139.8,76.6,23.3,26.3,26.3
2024-09-05 11:43:08,37.1,90.0,116.5,146.4,78.1,23.3,26.3,26.3
2024-09-05 11:43:08,36.7,94.9,119.7,152.6,79.6,23.3,26.3,26.3
2024-09-05 11:43:08,36.3,99.8,123.9,152.6,81.0,23.3,26.3,26.3
2024-09-05 11:43:08,35.9,104.6,128.6,156.8,82.5,23.3,26.3,26.3
2024-09-05 11:43:08,35.6,109.0,133.0,158.5,83.8,23.3,26.3,26.4
2024-09-05 11:43:08,35.3,112.6,137.3,158.3,85.3,23.3,26.3,26.3
2024-09-05 11:43:09,35.1,115.9,141.5,158.1,88.4,23.3,26.3,26.3
2024-09-05 11:43:09,35.0,119.2,145.6,158.0,93.3,23.3,26.3,26.3
2024-09-05 11:43:09,35.0,122.1,149.5,157.5,98.3,23.3,26.3,26.3
2024-09-05 11:43:09,35.0,123.3,152.1,155.0,102.7,23.3,26.3,26.3
2024-09-05 11:43:09,35.1,122.5,153.2,151.1,107.0,23.3,26.3,26.3
2024-09-05 11:43:09,35.2,121.1,153.2,147.4,111.4,23.3,26.3,26.4
2024-09-05 11:43:09,35.3,119.7,153.8,144.0,116.0,23.3,26.3,26.3
2024-09-05 11:43:09,35.6,118.5,152.8,141.9,120.7,23.3,26.3,26.3
2024-09-05 11:43:09,35.8,117.9,151.6,140.8,120.7,23.3,26.3,26.3
2024-09-05 11:43:09,36.0,118.3,150.8,140.2,125.3,23.3,26.3,26.3
2024-09-05 11:43:10,36.2,119.2,150.7,140.1,128.7,23.3,26.3,26.3
2024-09-05 11:43:10,36.2,120.0,151.1,140.2,129.0,23.3,26.3,26.4
2024-09-05 11:43:10,36.2,120.8,151.4,140.2,127.2,23.3,26.3,26.4
2024-09-05 11:43:10,36.2,120.8,151.8,140.2,124.9,23.3,26.3,26.3
2024-09-05 11:43:10,36.1,121.6,152.2,140.2,122.8,23.3,26.3,26.3
2024-09-05 11:43:10,36.1,122.2,152.8,140.2,121.0,23.3,26.3,26.3
2024-09-05 11:43:10,36.0,122.7,153.0,140.1,118.9,23.3,26.3,26.3
2024-09-05 11:43:10,36.0,123.2,153.2,138.9,116.5,23.3,26.3,26.4
2024-09-05 11:43:10,35.8,123.4,153.1,137.7,114.0,23.3,26.3,26.4
2024-09-05 11:43:10,35.6,123.2,153.6,137.6,111.9,23.2,26.3,26.3
2024-09-05 11:43:11,35.4,122.3,154.4,137.5,112.8,23.2,26.3,26.4
2024-09-05 11:43:11,35.3,121.0,154.7,137.2,118.5,23.2,26.3,26.3
2024-09-05 11:43:11,35.1,119.6,155.2,137.1,127.5,23.2,26.3,26.3
2024-09-05 11:43:11,34.9,118.6,157.3,139.0,127.5,23.3,26.3,26.4
2024-09-05 11:43:11,34.8,118.2,157.3,143.3,136.7,23.2,26.3,26.3
2024-09-05 11:43:11,34.7,118.2,161.3,148.1,145.5,23.3,26.3,26.3
2024-09-05 11:43:11,34.6,118.9,167.2,152.5,153.9,23.2,26.3,26.3
2024-09-05 11:43:11,34.5,119.6,174.1,156.4,162.2,23.2,26.3,26.4
2024-09-05 11:43:11,34.4,120.2,180.5,161.8,170.4,23.2,26.3,26.3
2024-09-05 11:43:11,34.3,120.7,187.2,168.4,178.4,23.2,26.3,26.4
2024-09-05 11:43:12,34.2,120.9,195.1,168.4,185.9,23.2,26.3,26.4
2024-09-05 11:43:12,34.1,121.2,203.4,176.1,190.4,23.2,26.3,26.3
2024-09-05 11:43:12,34.0,121.5,211.6,183.5,189.8,23.2,26.3,26.3
2024-09-05 11:43:12,33.9,121.8,219.3,190.5,186.0,23.2,26.3,26.4
2024-09-05 11:43:12,33.8,122.3,226.3,197.3,181.9,23.2,26.3,26.4
2024-09-05 11:43:12,33.7,122.8,232.6,203.4,178.1,23.2,26.3,26.4
2024-09-05 11:43:12,33.6,124.0,237.3,211.3,175.0,23.2,26.3,26.3
2024-09-05 11:43:12,33.5,125.9,240.8,220.4,172.9,23.2,26.3,26.3
2024-09-05 11:43:12,34.4,127.9,244.3,229.1,172.0,23.2,26.3,26.3
2024-09-05 11:43:12,38.3,127.9,246.9,235.0,173.1,23.3,26.3,26.4
2024-09-05 11:43:13,45.0,129.9,247.3,237.3,173.1,23.3,26.3,26.3
2024-09-05 11:43:13,45.0,131.7,246.1,237.8,176.0,23.2,26.3,26.3
2024-09-05 11:43:13,52.5,133.3,244.7,238.2,179.1,23.2,26.3,26.4
2024-09-05 11:43:13,60.2,134.9,244.7,238.5,182.2,23.3,26.3,26.3
2024-09-05 11:43:13,69.1,136.1,243.4,236.7,185.9,23.4,26.3,26.3
2024-09-05 11:43:13,78.5,136.5,240.9,232.9,190.9,23.6,26.3,26.3
2024-09-05 11:43:13,88.7,136.3,237.1,226.4,197.1,23.8,26.3,26.3
2024-09-05 11:43:13,98.9,134.9,232.0,219.0,202.8,23.9,26.3,26.4
2024-09-05 11:43:13,109.1,132.7,226.7,212.0,207.5,24.0,26.3,26.4
2024-09-05 11:43:13,119.5,130.5,221.4,205.5,211.0,24.1,26.3,26.4
2024-09-05 11:43:14,129.5,128.4,216.4,199.4,212.8,24.1,26.3,26.3
2024-09-05 11:43:14,139.1,126.3,211.6,193.6,212.8,24.2,26.3,26.4
2024-09-05 11:43:14,149.1,124.4,206.9,188.1,212.6,24.2,26.3,26.4
2024-09-05 11:43:14,158.8,122.5,202.4,183.0,212.4,24.4,26.3,26.4
2024-09-05 11:43:14,167.5,120.7,198.0,178.1,211.8,24.4,26.3,26.3
2024-09-05 11:43:14,176.1,118.9,193.8,173.5,211.7,24.4,26.3,26.4
2024-09-05 11:43:14,183.9,117.1,189.6,169.0,212.7,24.3,26.3,26.4
2024-09-05 11:43:14,191.5,115.5,185.6,164.8,212.7,24.2,26.3,26.4
2024-09-05 11:43:14,199.1,113.8,181.7,160.7,214.5,24.1,26.3,26.3
2024-09-05 11:43:14,206.0,112.3,178.0,156.9,216.5,24.2,26.3,26.4
2024-09-05 11:43:15,210.1,111.3,174.5,153.2,218.7,24.7,26.3,26.3
2024-09-05 11:43:15,211.4,110.7,171.2,149.6,220.7,25.6,26.3,26.3
2024-09-05 11:43:15,211.3,110.7,171.2,147.4,223.0,27.1,26.3,26.4
2024-09-05 11:43:15,211.3,112.3,168.4,148.4,226.1,28.6,26.3,26.4
2024-09-05 11:43:15,211.1,115.0,166.9,148.4,229.3,30.0,26.3,26.4
2024-09-05 11:43:15,210.4,115.0,166.4,150.7,232.7,31.4,26.3,26.4
2024-09-05 11:43:15,209.1,121.3,165.9,152.6,234.8,32.8,26.3,26.4
2024-09-05 11:43:15,207.9,121.3,166.0,155.0,235.6,34.0,26.3,26.4
2024-09-05 11:43:15,206.9,126.2,167.5,158.1,237.0,35.3,26.3,26.4
2024-09-05 11:43:15,205.5,131.4,169.3,161.4,238.7,36.5,26.3,26.4
2024-09-05 11:43:16,203.6,136.6,171.2,164.7,240.1,37.2,26.3,26.4
2024-09-05 11:43:16,202.4,141.2,173.0,168.2,242.7,37.4,26.3,26.4
2024-09-05 11:43:16,201.5,145.9,176.0,172.9,245.1,37.0,26.3,26.4
2024-09-05 11:43:16,200.6,150.6,181.1,177.3,246.8,36.6,26.3,26.4
2024-09-05 11:43:16,199.7,153.9,186.7,179.2,246.8,36.3,26.3,26.4
2024-09-05 11:43:16,198.8,156.3,191.6,180.2,249.9,36.0,26.3,26.4
2024-09-05 11:43:16,197.8,158.3,196.6,181.5,256.0,35.7,26.3,26.4
2024-09-05 11:43:16,196.5,160.1,203.8,183.0,262.5,35.4,26.3,26.4
2024-09-05 11:43:16,195.0,160.7,213.0,184.1,267.5,35.1,26.3,26.4
2024-09-05 11:43:16,193.5,160.7,223.5,185.1,271.2,34.8,26.3,26.3
2024-09-05 11:43:17,192.0,160.8,233.7,185.9,277.1,34.5,26.3,26.4
2024-09-05 11:43:17,189.7,162.0,244.5,187.8,284.0,34.3,26.3,26.4
2024-09-05 11:43:17,187.1,165.2,254.1,190.6,289.3,34.0,26.3,26.4
2024-09-05 11:43:17,184.4,170.5,254.1,194.2,293.8,33.7,26.3,26.4
2024-09-05 11:43:17,181.8,177.5,261.7,199.9,298.0,33.5,26.3,26.3
2024-09-05 11:43:17,179.2,186.0,270.9,207.0,300.3,33.2,26.3,26.4
2024-09-05 11:43:17,176.6,195.5,284.4,214.0,298.9,32.9,26.3,26.4
2024-09-05 11:43:17,174.1,204.5,300.6,219.9,296.4,32.7,26.3,26.4
2024-09-05 11:43:17,172.1,213.1,314.3,225.2,294.2,32.5,26.3,26.4
2024-09-05 11:43:17,172.1,221.2,324.1,230.2,291.6,32.3,26.3,26.4
2024-09-05 11:43:18,171.7,229.2,331.5,235.1,286.2,32.3,26.3,26.4
2024-09-05 11:43:18,172.3,235.7,338.5,238.5,286.2,32.0,26.3,26.4
2024-09-05 11:43:18,173.0,239.6,344.5,239.6,279.5,31.8,26.3,26.4
2024-09-05 11:43:18,173.7,240.7,349.8,238.9,273.2,31.6,26.3,26.4
2024-09-05 11:43:18,174.2,240.7,354.2,235.2,267.2,31.4,26.3,26.4
2024-09-05 11:43:18,174.6,239.5,354.8,229.8,261.5,31.3,26.3,26.4
2024-09-05 11:43:18,174.9,236.7,350.9,224.4,256.0,31.0,26.3,26.4
2024-09-05 11:43:18,175.1,232.6,343.5,219.5,250.6,30.9,26.3,26.4
2024-09-05 11:43:18,175.3,228.7,335.5,214.7,245.4,30.7,26.3,26.4
2024-09-05 11:43:18,175.0,224.9,328.1,210.2,240.3,30.5,26.3,26.3
2024-09-05 11:43:19,173.0,221.4,321.0,205.9,235.4,30.4,26.3,26.4
2024-09-05 11:43:19,170.0,218.0,314.2,201.8,230.7,30.2,26.3,26.4
2024-09-05 11:43:19,167.0,214.7,307.7,201.8,226.1,30.1,26.3,26.3
2024-09-05 11:43:19,164.0,211.5,307.7,197.8,221.7,29.9,26.3,26.4
2024-09-05 11:43:19,161.2,208.5,301.3,193.9,217.4,29.8,26.3,26.4
2024-09-05 11:43:19,158.5,205.6,295.1,190.2,213.3,29.6,26.3,26.4
2024-09-05 11:43:19,155.9,202.7,289.1,186.5,209.4,29.5,26.3,26.4
2024-09-05 11:43:19,153.4,200.0,283.3,183.1,209.4,29.4,26.3,26.4
2024-09-05 11:43:19,150.9,197.3,277.6,179.6,205.5,29.3,26.3,26.4
2024-09-05 11:43:19,148.5,194.7,272.0,176.3,201.8,29.1,26.3,26.4
2024-09-05 11:43:20,146.2,192.1,266.6,172.9,198.1,29.0,26.3,26.4
2024-09-05 11:43:20,143.9,190.6,263.4,169.8,194.5,28.9,26.3,26.4
2024-09-05 11:43:20,141.6,191.5,263.8,167.8,191.0,28.8,26.3,26.4
2024-09-05 11:43:20,139.4,195.1,266.9,168.6,187.5,28.6,26.3,26.4
2024-09-05 11:43:20,137.3,200.9,271.0,171.7,184.2,28.5,26.3,26.4
2024-09-05 11:43:20,135.2,207.9,275.1,175.0,181.2,28.5,26.3,26.4
2024-09-05 11:43:20,135.2,216.6,279.3,177.8,178.2,28.4,26.3,26.4
2024-09-05 11:43:20,133.2,226.5,283.8,180.5,176.4,28.3,26.3,26.4
2024-09-05 11:43:20,131.2,236.2,288.3,183.0,177.2,28.2,26.3,26.3
2024-09-05 11:43:20,130.0,245.6,292.8,185.5,178.9,28.1,26.3,26.4
2024-09-05 11:43:21,129.2,254.7,297.2,187.8,180.6,28.0,26.3,26.4
2024-09-05 11:43:21,128.7,254.7,299.4,189.9,183.2,28.0,26.3,26.4
2024-09-05 11:43:21,128.3,262.7,298.2,190.9,188.7,27.9,26.3,26.4
2024-09-05 11:43:21,128.4,268.0,298.2,189.1,196.2,27.8,26.3,26.4
2024-09-05 11:43:21,129.9,270.4,294.3,184.9,196.2,27.8,26.3,26.4
2024-09-05 11:43:21,133.7,270.7,289.5,180.5,204.5,27.7,26.3,26.4
2024-09-05 11:43:21,138.4,269.5,284.9,176.5,212.6,27.7,26.3,26.4
2024-09-05 11:43:21,143.1,266.5,280.0,172.8,220.4,27.6,26.3,26.4
2024-09-05 11:43:21,147.8,262.3,274.9,169.1,227.0,27.5,26.3,26.4
2024-09-05 11:43:21,151.8,258.0,269.9,165.6,230.7,27.4,26.3,26.4
2024-09-05 11:43:22,155.4,253.8,264.9,162.2,233.4,27.4,26.3,26.4
2024-09-05 11:43:22,158.8,249.8,259.9,158.8,236.2,27.3,26.3,26.4
2024-09-05 11:43:22,162.1,245.9,255.1,155.7,237.9,27.3,26.3,26.4
2024-09-05 11:43:22,164.9,242.2,250.3,152.6,236.6,27.2,26.3,26.4
2024-09-05 11:43:22,166.3,238.6,245.6,149.5,233.3,27.1,26.3,26.4
2024-09-05 11:43:22,165.4,235.0,241.0,146.6,229.1,27.0,26.3,26.4
2024-09-05 11:43:22,163.5,231.6,236.5,143.8,224.8,27.0,26.3,26.4
2024-09-05 11:43:22,161.6,228.3,232.1,143.8,220.6,26.9,26.3,26.4
2024-09-05 11:43:22,159.7,225.1,227.8,141.0,216.5,26.8,26.3,26.4
2024-09-05 11:43:22,159.7,221.9,223.5,138.3,212.6,26.8,26.3,26.4
2024-09-05 11:43:23,157.7,218.9,219.4,135.7,208.7,26.7,26.3,26.4
2024-09-05 11:43:23,155.8,215.9,215.3,133.2,208.7,26.6,26.3,26.4
2024-09-05 11:43:23,153.8,213.0,215.3,130.7,204.9,26.6,26.3,26.4
2024-09-05 11:43:23,151.8,210.1,211.3,128.3,201.2,26.5,26.3,26.4
2024-09-05 11:43:23,149.8,207.4,207.4,125.9,197.5,26.4,26.3,26.4
2024-09-05 11:43:23,147.8,204.7,203.6,123.6,194.0,26.3,26.3,26.4
2024-09-05 11:43:23,145.8,202.1,200.0,121.3,190.5,26.3,26.3,26.4
2024-09-05 11:43:23,143.8,199.6,196.4,119.2,187.1,26.2,26.3,26.4
2024-09-05 11:43:23,141.8,199.6,193.0,117.1,183.8,26.1,26.3,26.4
2024-09-05 11:43:23,139.9,197.2,189.6,115.0,180.7,26.1,26.3,26.4
2024-09-05 11:43:24,137.9,194.8,186.4,113.0,177.5,26.0,26.3,26.4
2024-09-05 11:43:24,136.1,192.5,183.3,111.1,174.5,26.0,26.3,26.4
2024-09-05 11:43:24,134.2,190.2,180.3,109.2,171.5,25.9,26.3,26.4
2024-09-05 11:43:24,132.4,188.0,177.4,107.4,168.6,25.9,26.3,26.4
2024-09-05 11:43:24,130.5,185.9,174.5,105.6,165.8,25.8,26.3,26.4
2024-09-05 11:43:24,128.8,183.8,171.7,103.8,162.9,25.7,26.3,26.4
2024-09-05 11:43:24,126.9,181.7,168.9,102.1,160.2,25.8,26.3,26.4
2024-09-05 11:43:24,125.2,179.8,166.3,100.4,160.2,25.6,26.3,26.4
2024-09-05 11:43:24,123.5,177.8,163.6,98.8,157.4,25.6,26.3,26.4
2024-09-05 11:43:24,121.7,175.8,161.0,97.1,154.7,25.6,26.3,26.4
2024-09-05 11:43:25,120.0,173.9,158.4,95.5,152.1,25.5,26.3,26.4
2024-09-05 11:43:25,118.3,172.0,155.9,94.0,149.5,25.5,26.3,26.4
2024-09-05 11:43:25,116.6,170.2,155.9,92.4,146.9,25.4,26.3,26.4
2024-09-05 11:43:25,114.9,168.3,153.4,90.9,144.4,25.3,26.3,26.4
2024-09-05 11:43:25,113.3,166.5,150.9,89.5,141.9,25.3,26.3,26.4
2024-09-05 11:43:25,113.3,164.7,148.5,88.1,139.5,25.2,26.3,26.4
2024-09-05 11:43:25,111.7,162.9,146.5,86.7,137.2,25.2,26.3,26.4
2024-09-05 11:43:25,110.2,161.1,146.0,85.4,135.3,25.2,26.3,26.4
2024-09-05 11:43:25,108.6,159.4,146.3,84.1,134.7,25.2,26.3,26.4
2024-09-05 11:43:25,107.1,157.7,147.0,82.9,134.2,25.1,26.3,26.4
2024-09-05 11:43:26,105.7,156.1,149.1,83.2,133.8,25.1,26.3,26.4
2024-09-05 11:43:26,104.4,154.9,151.9,86.7,133.2,25.0,26.3,26.4
2024-09-05 11:43:26,103.0,154.1,154.9,86.7,132.6,25.0,26.3,26.4
2024-09-05 11:43:26,101.7,153.3,157.8,91.9,132.0,25.0,26.3,26.4
2024-09-05 11:43:26,100.4,152.5,160.5,96.9,132.0,25.0,26.3,26.4
2024-09-05 11:43:26,99.1,151.7,163.0,101.7,131.3,25.0,26.3,26.4
2024-09-05 11:43:26,97.8,151.7,165.0,106.4,130.6,24.9,26.3,26.4
2024-09-05 11:43:26,96.6,151.0,165.4,110.9,129.9,24.9,26.3,26.4
2024-09-05 11:43:26,95.3,150.2,164.9,115.3,128.8,24.9,26.3,26.4
2024-09-05 11:43:26,94.1,149.5,163.8,119.5,126.5,24.9,26.3,26.4
2024-09-05 11:43:27,92.8,148.7,161.4,123.6,124.0,24.8,26.3,26.4
2024-09-05 11:43:27,91.6,147.9,158.1,126.1,121.6,24.7,26.3,26.4
2024-09-05 11:43:27,90.4,146.6,155.1,125.5,119.3,24.7,26.3,26.4
2024-09-05 11:43:27,89.2,145.5,155.1,124.2,117.6,24.7,26.3,26.4
2024-09-05 11:43:27,88.2,144.9,152.7,123.2,116.6,24.7,26.3,26.4
2024-09-05 11:43:27,87.3,144.4,150.3,122.1,115.6,24.7,26.3,26.4
2024-09-05 11:43:27,86.4,143.9,148.3,121.1,114.7,24.7,26.3,26.4
2024-09-05 11:43:27,85.5,143.3,147.1,120.1,114.5,24.7,26.3,26.4
2024-09-05 11:43:27,84.6,142.8,146.4,119.0,114.5,24.8,26.3,26.4
2024-09-05 11:43:27,83.8,142.3,145.6,117.9,114.3,24.8,26.3,26.4
2024-09-05 11:43:28,83.0,141.9,144.9,117.6,114.2,24.8,26.3,26.4
2024-09-05 11:43:28,83.0,142.0,144.3,118.9,114.4,24.8,26.3,26.4
2024-09-05 11:43:28,83.1,142.4,143.7,120.2,114.4,25.0,26.3,26.4
2024-09-05 11:43:28,84.7,142.3,142.8,120.2,114.7,25.1,26.3,26.4
2024-09-05 11:43:28,86.6,141.8,141.3,120.0,114.8,25.3,26.3,26.4
2024-09-05 11:43:28,88.8,141.2,140.0,119.9,116.3,25.4,26.3,26.4
2024-09-05 11:43:28,91.2,140.6,138.5,119.8,121.2,25.5,26.3,26.4
2024-09-05 11:43:28,93.7,140.0,136.4,119.7,126.3,25.6,26.3,26.4
2024-09-05 11:43:28,96.0,139.4,134.1,119.6,130.0,25.7,26.3,26.4
2024-09-05 11:43:28,98.3,139.1,133.0,119.8,133.1,25.9,26.3,26.4
2024-09-05 11:43:29,100.6,139.0,133.1,119.3,137.1,26.0,26.3,26.4
2024-09-05 11:43:29,102.7,138.4,133.3,117.0,142.3,26.1,26.3,26.4
2024-09-05 11:43:29,104.0,137.5,133.3,114.5,146.8,26.0,26.3,26.4
2024-09-05 11:43:29,103.8,136.6,133.5,112.2,150.7,26.0,26.3,26.4
2024-09-05 11:43:29,104.0,136.6,133.7,109.9,154.1,25.9,26.3,26.4
2024-09-05 11:43:29,104.3,135.6,133.9,107.8,155.2,25.9,26.3,26.4
2024-09-05 11:43:29,104.4,134.7,134.0,105.8,153.2,25.8,26.3,26.4
2024-09-05 11:43:29,104.3,133.7,134.2,104.1,152.0,25.8,26.3,26.4
2024-09-05 11:43:29,104.2,132.8,134.4,103.9,152.0,25.8,26.3,26.4
2024-09-05 11:43:29,104.1,132.0,134.9,104.6,152.2,25.7,26.3,26.4
2024-09-05 11:43:30,104.0,131.4,135.4,104.6,152.9,25.7,26.3,26.4
2024-09-05 11:43:30,103.8,130.4,138.0,105.2,152.8,25.7,26.3,26.4
2024-09-05 11:43:30,103.6,129.5,145.1,105.6,151.3,25.7,26.3,26.4
2024-09-05 11:43:30,103.2,128.6,155.4,106.1,150.1,25.6,26.3,26.4
2024-09-05 11:43:30,102.1,127.7,166.8,106.6,149.2,25.6,26.3,26.4
2024-09-05 11:43:30,102.1,126.9,177.7,107.1,149.4,25.6,26.3,26.4
2024-09-05 11:43:30,100.3,126.3,188.2,107.6,151.5,25.6,26.3,26.4
2024-09-05 11:43:30,98.6,126.4,199.7,108.1,153.8,25.6,26.3,26.4
2024-09-05 11:43:30,97.0,126.7,210.9,108.2,157.0,25.6,26.3,26.4
2024-09-05 11:43:30,95.4,126.7,221.0,106.9,161.4,25.5,26.3,26.4
2024-09-05 11:43:31,93.8,126.4,229.5,104.7,165.5,25.5,26.3,26.4
2024-09-05 11:43:31,92.4,126.0,233.9,102.6,169.3,25.4,26.3,26.4
2024-09-05 11:43:31,90.9,125.5,233.4,100.6,173.2,25.4,26.3,26.4
2024-09-05 11:43:31,89.5,125.0,233.4,98.7,177.0,25.3,26.3,26.4
2024-09-05 11:43:31,88.2,124.4,229.2,96.8,177.0,25.3,26.3,26.4
2024-09-05 11:43:31,86.9,123.9,223.8,95.0,180.8,25.2,26.3,26.4
2024-09-05 11:43:31,85.6,123.1,218.6,93.3,183.5,25.2,26.3,26.4
2024-09-05 11:43:31,84.4,121.7,213.4,91.6,184.5,25.1,26.3,26.4
2024-09-05 11:43:31,83.1,120.0,207.0,90.0,184.8,25.1,26.3,26.4
2024-09-05 11:43:31,82.0,118.5,200.7,88.4,182.9,25.1,26.3,26.4
2024-09-05 11:43:32,80.8,117.0,194.8,86.9,179.1,25.0,26.3,26.4
2024-09-05 11:43:32,79.6,117.0,189.5,85.4,175.4,25.0,26.3,26.4
2024-09-05 11:43:32,78.5,115.6,184.5,83.9,171.8,25.0,26.3,26.4
2024-09-05 11:43:32,77.4,114.3,179.8,82.5,168.4,24.9,26.3,26.4
2024-09-05 11:43:32,76.4,113.0,175.5,81.1,165.0,24.9,26.3,26.4
2024-09-05 11:43:32,75.4,111.8,171.4,79.7,161.7,24.9,26.3,26.4
2024-09-05 11:43:32,74.3,110.5,167.4,78.4,158.5,24.8,26.3,26.4
2024-09-05 11:43:32,73.3,109.3,163.7,77.1,155.4,24.8,26.3,26.4
2024-09-05 11:43:32,72.4,108.1,160.2,75.9,152.3,24.8,26.3,26.4
2024-09-05 11:43:32,72.4,106.9,156.7,74.6,149.2,24.7,26.3,26.4
2024-09-05 11:43:33,71.4,105.7,153.1,73.3,145.8,24.7,26.3,26.4
2024-09-05 11:43:33,70.3,104.3,149.3,71.8,145.8,24.7,26.3,26.4
2024-09-05 11:43:33,69.2,102.7,149.3,70.1,142.2,24.7,26.3,26.4
2024-09-05 11:43:33,68.0,101.0,145.2,68.4,138.3,24.6,26.3,26.4
2024-09-05 11:43:33,66.7,99.1,140.8,68.4,134.4,24.7,26.3,26.4
2024-09-05 11:43:33,65.4,97.2,136.4,66.6,130.3,24.6,26.3,26.4
2024-09-05 11:43:33,64.1,95.1,131.8,64.8,126.2,24.6,26.3,26.4
2024-09-05 11:43:33,62.7,93.0,127.0,62.9,121.9,24.6,26.3,26.4
2024-09-05 11:43:33,61.3,90.8,122.3,61.0,117.7,24.6,26.3,26.4
2024-09-05 11:43:33,60.0,88.6,117.3,59.0,113.6,24.7,26.3,26.4
2024-09-05 11:43:34,58.7,86.6,112.7,57.1,109.7,24.7,26.3,26.4
2024-09-05 11:43:34,57.5,84.6,108.3,55.4,106.1,24.7,26.3,26.4
2024-09-05 11:43:34,56.4,82.9,104.4,53.9,103.0,24.6,26.3,26.4
2024-09-05 11:43:34,55.5,81.4,101.0,52.6,100.4,24.6,26.3,26.4
2024-09-05 11:43:34,54.6,80.0,98.0,51.5,98.0,24.6,26.3,26.4
2024-09-05 11:43:34,53.9,78.7,95.3,50.5,95.8,24.6,26.3,26.4
2024-09-05 11:43:34,53.2,77.5,92.8,49.7,93.7,24.6,26.3,26.4
2024-09-05 11:43:34,52.5,77.5,90.6,48.9,93.7,24.6,26.3,26.4
2024-09-05 11:43:34,51.8,76.4,88.5,48.1,91.6,24.6,26.3,26.4
2024-09-05 11:43:34,51.1,75.4,86.7,47.4,89.7,24.5,26.3,26.4
2024-09-05 11:43:35,50.4,74.3,84.8,46.6,87.7,24.5,26.3,26.4
2024-09-05 11:43:35,49.7,73.3,84.8,45.9,85.8,24.5,26.3,26.4
2024-09-05 11:43:35,48.9,72.2,82.9,45.1,83.8,24.5,26.3,26.4
2024-09-05 11:43:35,48.2,71.1,81.0,44.3,81.9,24.4,26.3,26.4
2024-09-05 11:43:35,48.2,70.0,79.2,43.6,80.0,24.4,26.3,26.4
2024-09-05 11:43:35,47.5,68.8,77.3,42.8,78.1,24.4,26.3,26.4
2024-09-05 11:43:35,46.8,67.7,75.5,42.0,76.3,24.4,26.3,26.4
2024-09-05 11:43:35,46.2,66.7,73.8,41.4,74.7,24.4,26.3,26.4
2024-09-05 11:43:35,45.6,65.8,72.3,40.8,73.3,24.3,26.3,26.4
2024-09-05 11:43:35,45.1,64.9,70.9,40.2,72.1,24.3,26.3,26.4
2024-09-05 11:43:36,44.7,64.1,69.5,39.8,71.0,24.3,26.3,26.4
2024-09-05 11:43:36,44.2,63.4,68.3,39.3,70.0,24.3,26.3,26.4
2024-09-05 11:43:36,43.9,62.7,67.2,39.0,69.0,24.3,26.3,26.4
2024-09-05 11:43:36,43.6,62.1,66.2,38.7,68.2,24.3,26.3,26.4
2024-09-05 11:43:36,43.2,61.6,65.3,38.4,68.2,24.3,26.3,26.4
2024-09-05 11:43:36,43.0,61.1,64.5,38.1,67.4,24.3,26.3,26.4
2024-09-05 11:43:36,42.7,60.6,63.7,37.9,66.6,24.3,26.3,26.4
2024-09-05 11:43:36,42.4,60.1,63.0,37.6,65.9,24.3,26.3,26.4
2024-09-05 11:43:36,42.1,59.7,62.4,37.4,65.2,24.2,26.3,26.4
2024-09-05 11:43:36,41.9,59.2,61.8,37.4,64.5,24.2,26.3,26.4
2024-09-05 11:43:37,41.7,58.8,61.2,37.2,63.8,24.2,26.3,26.4
2024-09-05 11:43:37,41.5,58.4,61.2,37.0,63.1,24.2,26.3,26.4
2024-09-05 11:43:37,41.2,58.0,60.6,36.8,62.5,24.2,26.3,26.4
2024-09-05 11:43:37,41.0,57.6,60.1,36.7,61.8,24.2,26.3,26.4
2024-09-05 11:43:37,40.7,57.6,59.6,36.5,61.2,24.1,26.3,26.4
2024-09-05 11:43:37,40.5,57.2,59.1,36.3,60.6,24.1,26.3,26.4
2024-09-05 11:43:37,40.3,56.8,58.6,36.2,59.9,24.1,26.3,26.4
2024-09-05 11:43:37,40.1,56.5,58.1,36.0,59.3,24.1,26.3,26.4
2024-09-05 11:43:37,40.1,56.1,57.6,35.8,58.7,24.1,26.3,26.4
2024-09-05 11:43:37,39.9,55.8,57.2,35.6,58.2,24.1,26.3,26.4
2024-09-05 11:43:38,39.6,55.5,56.7,35.5,58.2,24.0,26.3,26.4
2024-09-05 11:43:38,39.4,55.1,56.2,35.3,57.6,24.0,26.3,26.4
2024-09-05 11:43:38,39.2,54.8,55.8,35.2,57.0,24.0,26.3,26.4
2024-09-05 11:43:38,39.0,54.5,55.3,35.0,56.5,24.0,26.3,26.4
2024-09-05 11:43:38,38.7,54.3,54.8,34.8,55.9,24.0,26.3,26.4
2024-09-05 11:43:38,38.5,54.0,54.4,34.7,55.4,24.0,26.3,26.4
2024-09-05 11:43:38,38.3,53.7,53.9,34.5,54.8,24.0,26.3,26.4
2024-09-05 11:43:38,38.1,53.4,53.4,34.3,54.3,23.9,26.3,26.4
2024-09-05 11:43:38,37.9,53.1,53.0,34.2,53.8,23.9,26.3,26.4
2024-09-05 11:43:38,37.6,52.9,52.5,34.0,53.4,23.9,26.3,26.4
2024-09-05 11:43:39,37.4,52.6,52.1,33.9,54.0,23.9,26.3,26.4
2024-09-05 11:43:39,37.2,52.4,52.1,34.0,56.7,23.9,26.3,26.4
2024-09-05 11:43:39,37.0,53.1,51.7,35.7,60.1,23.9,26.3,26.4
2024-09-05 11:43:39,36.8,55.7,52.1,38.9,63.7,23.8,26.3,26.4
2024-09-05 11:43:39,36.6,58.8,55.8,41.9,67.4,23.8,26.3,26.4
2024-09-05 11:43:39,36.5,61.9,62.3,44.9,71.2,23.8,26.3,26.4
2024-09-05 11:43:39,36.3,64.9,69.6,47.6,75.1,23.8,26.3,26.4
2024-09-05 11:43:39,36.1,67.8,76.4,50.3,75.1,23.8,26.3,26.4
2024-09-05 11:43:39,36.0,70.6,82.8,53.0,79.0,23.8,26.3,26.4
2024-09-05 11:43:39,35.8,73.3,88.8,55.5,83.0,23.8,26.3,26.4
2024-09-05 11:43:40,35.9,76.0,94.6,58.0,86.9,23.7,26.3,26.4
2024-09-05 11:43:40,36.0,76.0,100.1,60.1,90.1,23.7,26.3,26.4
2024-09-05 11:43:40,36.2,78.5,105.4,60.6,91.6,23.7,26.3,26.4
2024-09-05 11:43:40,36.2,80.1,110.7,59.7,92.5,23.7,26.3,26.4
2024-09-05 11:43:40,36.3,79.8,115.2,58.8,92.9,23.7,26.3,26.4
2024-09-05 11:43:40,36.4,78.8,119.6,58.8,93.2,23.6,26.3,26.4
2024-09-05 11:43:40,36.5,78.0,123.3,57.9,93.4,23.7,26.3,26.4
2024-09-05 11:43:40,36.6,77.2,126.6,57.1,93.9,23.6,26.3,26.4
2024-09-05 11:43:40,36.6,76.6,129.6,56.4,95.4,23.6,26.3,26.4
2024-09-05 11:43:40,36.7,76.8,132.8,56.0,97.3,23.6,26.3,26.4
2024-09-05 11:43:41,36.7,78.8,137.1,56.8,99.5,23.6,26.3,26.4
2024-09-05 11:43:41,36.6,83.1,137.1,58.5,102.6,23.6,26.3,26.4
2024-09-05 11:43:41,36.7,88.3,142.0,60.3,106.1,23.6,26.3,26.4
2024-09-05 11:43:41,37.1,93.5,146.9,62.0,110.7,23.6,26.3,26.4
2024-09-05 11:43:41,38.1,98.8,150.6,63.8,110.7,23.6,26.3,26.4
2024-09-05 11:43:41,39.2,104.1,151.4,66.1,118.4,23.6,26.3,26.4
2024-09-05 11:43:41,40.4,109.9,149.9,71.1,127.5,23.6,26.3,26.4
2024-09-05 11:43:41,41.6,115.9,148.6,77.0,136.4,23.6,26.3,26.4
2024-09-05 11:43:41,42.9,121.8,148.0,82.6,144.6,23.6,26.3,26.4
2024-09-05 11:43:41,44.1,126.8,147.9,87.6,151.5,23.5,26.3,26.4
2024-09-05 11:43:42,45.3,129.9,147.6,91.1,157.8,23.5,26.3,26.4
2024-09-05 11:43:42,46.4,130.7,146.4,93.5,163.5,23.5,26.3,26.4
2024-09-05 11:43:42,47.3,130.3,144.6,95.7,167.9,23.5,26.3,26.4
2024-09-05 11:43:42,47.8,129.9,142.9,97.8,171.1,23.5,26.3,26.4
2024-09-05 11:43:42,47.8,129.5,141.3,99.8,173.1,23.5,26.3,26.4
2024-09-05 11:43:42,47.5,128.9,139.8,101.0,171.8,23.5,26.3,26.4
2024-09-05 11:43:42,47.2,127.6,137.6,99.4,169.0,23.5,26.3,26.4
2024-09-05 11:43:42,47.2,125.9,135.0,96.7,166.3,23.4,26.3,26.4
2024-09-05 11:43:42,46.9,125.9,132.5,94.3,163.6,23.5,26.3,26.4
2024-09-05 11:43:42,46.5,124.4,132.5,92.0,161.0,23.4,26.3,26.4
2024-09-05 11:43:43,46.2,122.8,130.0,89.9,161.0,23.4,26.3,26.4
2024-09-05 11:43:43,45.8,121.4,127.6,87.9,158.4,23.4,26.3,26.4
2024-09-05 11:43:43,45.4,119.9,125.3,86.0,155.9,23.4,26.3,26.4
2024-09-05 11:43:43,45.1,118.6,123.1,84.2,153.3,23.4,26.3,26.4
2024-09-05 11:43:43,44.7,117.2,120.9,82.5,150.9,23.4,26.3,26.4
2024-09-05 11:43:43,44.3,115.9,118.9,80.9,148.4,23.3,26.3,26.4
2024-09-05 11:43:43,44.0,114.7,116.9,79.3,146.0,23.3,26.3,26.4
2024-09-05 11:43:43,43.6,113.4,115.0,77.9,143.7,23.3,26.3,26.3
2024-09-05 11:43:43,43.2,112.2,113.1,76.5,141.4,23.3,26.3,26.4
2024-09-05 11:43:43,42.9,111.1,111.4,75.1,139.2,23.3,26.3,26.4
2024-09-05 11:43:44,42.5,109.9,109.7,75.1,136.9,23.3,26.3,26.4
2024-09-05 11:43:44,42.2,108.8,108.1,73.9,134.8,23.3,26.3,26.4
2024-09-05 11:43:44,41.9,107.8,106.6,72.6,132.6,23.3,26.3,26.4
2024-09-05 11:43:44,41.5,106.7,105.1,71.4,130.5,23.3,26.3,26.3
2024-09-05 11:43:44,41.2,105.7,103.6,70.2,128.5,23.3,26.3,26.4
2024-09-05 11:43:44,40.9,104.7,102.2,69.0,126.4,23.3,26.3,26.4
2024-09-05 11:43:44,40.6,103.7,100.8,68.0,126.4,23.3,26.3,26.4
2024-09-05 11:43:44,40.3,102.7,99.5,66.9,124.4,23.3,26.3,26.4
2024-09-05 11:43:44,40.0,101.7,98.1,65.8,122.4,23.3,26.3,26.4
2024-09-05 11:43:44,39.8,100.8,96.9,64.8,120.5,23.3,26.3,26.4
2024-09-05 11:43:45,39.5,99.9,96.9,63.8,118.5,23.3,26.3,26.4
2024-09-05 11:43:45,39.2,98.9,95.6,62.8,116.7,23.3,26.3,26.4
2024-09-05 11:43:45,39.2,98.0,94.3,61.9,114.9,23.3,26.3,26.4
2024-09-05 11:43:45,38.9,97.2,93.0,61.0,113.1,23.3,26.3,26.4
2024-09-05 11:43:45,38.7,96.2,91.8,60.1,111.4,23.3,26.3,26.4
2024-09-05 11:43:45,38.4,96.2,90.6,59.3,109.7,23.3,26.3,26.4
2024-09-05 11:43:45,38.1,95.3,89.3,58.5,108.0,23.3,26.3,26.4
2024-09-05 11:43:45,37.9,94.4,88.1,57.7,106.4,23.3,26.3,26.4
2024-09-05 11:43:45,37.6,93.5,86.9,56.9,104.9,23.3,26.3,26.4
2024-09-05 11:43:45,37.4,92.5,85.6,56.2,103.3,23.3,26.3,26.4
2024-09-05 11:43:46,37.1,91.7,84.4,55.5,101.8,23.3,26.3,26.4
2024-09-05 11:43:46,36.9,90.8,83.2,54.7,100.3,23.3,26.3,26.4
2024-09-05 11:43:46,36.7,89.9,82.0,54.1,98.8,23.3,26.3,26.4
2024-09-05 11:43:46,36.4,89.0,80.9,53.4,97.3,23.3,26.3,26.4
2024-09-05 11:43:46,36.2,88.2,79.8,52.7,97.3,23.3,26.3,26.4
2024-09-05 11:43:46,36.0,87.4,78.7,52.1,95.9,23.3,26.3,26.4
2024-09-05 11:43:46,35.8,86.7,77.7,51.5,94.5,23.3,26.3,26.4
2024-09-05 11:43:46,35.6,85.9,76.7,50.9,93.1,23.3,26.3,26.4
2024-09-05 11:43:46,35.4,85.2,75.8,50.3,91.8,23.3,26.3,26.4
2024-09-05 11:43:46,35.2,84.5,74.9,49.8,90.5,23.3,26.3,26.4
2024-09-05 11:43:47,35.1,83.9,74.9,49.3,89.3,23.3,26.3,26.4
2024-09-05 11:43:47,34.9,83.2,74.0,48.7,88.1,23.3,26.3,26.4
2024-09-05 11:43:47,34.7,82.5,73.1,48.2,86.9,23.3,26.3,26.4
2024-09-05 11:43:47,34.5,81.9,72.3,47.7,85.8,23.3,26.3,26.4
2024-09-05 11:43:47,34.3,81.3,71.5,47.2,84.6,23.3,26.3,26.4
2024-09-05 11:43:47,34.2,80.7,70.8,47.2,83.6,23.3,26.3,26.4
2024-09-05 11:43:47,34.0,80.1,70.0,46.8,82.6,23.3,26.3,26.4
2024-09-05 11:43:47,34.0,79.5,69.3,46.3,81.5,23.3,26.3,26.4
2024-09-05 11:43:47,33.8,78.9,68.6,45.9,80.5,23.3,26.3,26.4
2024-09-05 11:43:47,33.7,78.4,67.8,45.4,79.6,23.3,26.3,26.4
2024-09-05 11:43:48,33.5,77.8,67.1,45.0,79.6,23.3,26.3,26.4
2024-09-05 11:43:48,33.3,77.2,66.4,44.6,78.6,23.4,26.3,26.4
2024-09-05 11:43:48,33.2,76.6,65.7,44.2,77.6,23.3,26.3,26.4
2024-09-05 11:43:48,33.0,76.6,65.0,43.8,76.7,23.3,26.3,26.4
2024-09-05 11:43:48,32.9,76.1,64.3,43.4,75.8,23.3,26.3,26.4
2024-09-05 11:43:48,32.7,75.5,63.6,43.0,74.8,23.3,26.3,26.4
2024-09-05 11:43:48,32.6,74.9,62.9,42.6,73.9,23.3,26.3,26.4
2024-09-05 11:43:48,32.4,74.3,62.3,42.2,72.9,23.3,26.3,26.4
2024-09-05 11:43:48,32.2,73.7,61.6,41.8,72.0,23.3,26.3,26.4
2024-09-05 11:43:48,32.1,73.2,61.6,41.5,71.1,23.3,26.3,26.4
2024-09-05 11:43:49,31.9,72.6,61.0,41.1,70.2,23.3,26.3,26.3
2024-09-05 11:43:49,31.8,72.0,60.4,40.7,69.4,23.3,26.3,26.4
2024-09-05 11:43:49,31.7,71.5,59.8,40.4,68.5,23.3,26.3,26.4
2024-09-05 11:43:49,31.5,70.9,59.2,40.1,67.8,23.3,26.3,26.4
2024-09-05 11:43:49,31.4,70.4,58.6,39.7,67.0,23.3,26.3,26.4
2024-09-05 11:43:49,31.3,69.8,58.0,39.4,66.2,23.3,26.3,26.4
2024-09-05 11:43:49,31.1,69.3,57.5,39.1,65.5,23.3,26.3,26.4
2024-09-05 11:43:49,31.0,68.8,56.9,38.9,65.5,23.2,26.3,26.3
2024-09-05 11:43:49,30.9,68.3,56.4,38.6,64.8,23.3,26.3,26.4
2024-09-05 11:43:49,30.8,67.8,55.9,38.3,64.1,23.2,26.3,26.4
2024-09-05 11:43:50,30.6,67.3,55.3,38.1,63.4,23.2,26.3,26.4
2024-09-05 11:43:50,30.5,66.8,54.8,37.8,62.8,23.2,26.3,26.4
2024-09-05 11:43:50,30.5,66.3,54.3,37.6,62.1,23.2,26.3,26.4
2024-09-05 11:43:50,30.4,65.8,53.8,37.3,61.5,23.2,26.3,26.4
2024-09-05 11:43:50,30.3,65.3,53.4,37.1,60.9,23.2,26.3,26.4
2024-09-05 11:43:50,30.2,64.8,52.9,36.8,60.2,23.2,26.3,26.4
2024-09-05 11:43:50,30.1,64.4,52.4,36.6,59.6,23.2,26.3,26.3
2024-09-05 11:43:50,30.0,63.9,52.0,36.4,59.0,23.2,26.3,26.4
2024-09-05 11:43:50,29.9,63.5,52.0,36.1,58.4,23.2,26.3,26.4
2024-09-05 11:43:50,29.8,63.0,51.5,35.9,57.8,23.2,26.3,26.4
2024-09-05 11:43:51,29.6,63.0,51.0,35.7,57.3,23.2,26.3,26.4
2024-09-05 11:43:51,29.5,62.6,50.6,35.5,56.7,23.2,26.3,26.4
2024-09-05 11:43:51,29.4,62.1,50.2,35.5,56.2,23.2,26.3,26.4
2024-09-05 11:43:51,29.3,61.7,49.8,35.3,55.6,23.2,26.3,26.4
2024-09-05 11:43:51,29.2,61.3,49.3,35.1,55.6,23.2,26.3,26.4
2024-09-05 11:43:51,29.1,60.9,48.9,34.8,55.0,23.2,26.3,26.4
2024-09-05 11:43:51,29.0,60.4,48.5,34.6,54.5,23.2,26.3,26.4
2024-09-05 11:43:51,28.9,60.0,48.1,34.4,53.9,23.2,26.3,26.4
2024-09-05 11:43:51,28.8,59.6,47.7,34.2,53.4,23.2,26.3,26.4
2024-09-05 11:43:51,28.7,59.2,47.3,34.0,52.8,23.2,26.3,26.3
2024-09-05 11:43:52,28.7,58.8,46.9,33.8,52.3,23.2,26.3,26.3
2024-09-05 11:43:52,28.6,58.4,46.5,33.6,51.8,23.2,26.3,26.3
2024-09-05 11:43:52,28.5,58.0,46.1,33.4,51.3,23.2,26.3,26.4
2024-09-05 11:43:52,28.4,57.7,45.8,33.3,50.8,23.2,26.3,26.3
2024-09-05 11:43:52,28.3,57.3,45.4,33.1,50.3,23.2,26.3,26.3
2024-09-05 11:43:52,28.2,56.9,45.1,32.9,49.9,23.2,26.3,26.4
2024-09-05 11:43:52,28.2,56.6,44.7,32.8,49.4,23.2,26.3,26.3
2024-09-05 11:43:52,28.1,56.2,44.5,32.6,49.0,23.2,26.3,26.4
2024-09-05 11:43:52,28.1,55.9,44.2,32.4,48.6,23.2,26.3,26.4
2024-09-05 11:43:52,28.0,55.6,44.2,32.3,48.2,23.2,26.3,26.4
2024-09-05 11:43:53,27.9,55.3,43.8,32.1,48.2,23.2,26.3,26.3
2024-09-05 11:43:53,27.8,55.0,43.6,32.0,47.8,23.1,26.3,26.3
2024-09-05 11:43:53,27.8,54.7,43.3,31.9,47.5,23.2,26.3,26.4
2024-09-05 11:43:53,27.7,54.4,43.0,31.7,47.1,23.2,26.3,26.4
2024-09-05 11:43:53,27.6,54.1,42.7,31.6,46.7,23.1,26.3,26.4
2024-09-05 11:43:53,27.5,53.8,42.4,31.4,46.4,23.1,26.3,26.4
2024-09-05 11:43:53,27.5,53.5,42.2,31.3,46.0,23.1,26.3,26.4
2024-09-05 11:43:53,27.4,53.5,41.9,31.2,45.7,23.2,26.3,26.4
2024-09-05 11:43:53,27.3,53.3,41.7,31.0,45.3,23.2,26.3,26.4
2024-09-05 11:43:53,27.3,53.0,41.4,30.9,45.0,23.1,26.3,26.4
2024-09-05 11:43:54,27.2,52.7,41.2,30.8,44.7,23.1,26.3,26.4
2024-09-05 11:43:54,27.2,52.4,40.9,30.7,44.3,23.2,26.3,26.3
2024-09-05 11:43:54,27.1,52.2,40.7,30.5,44.0,23.1,26.3,26.4
2024-09-05 11:43:54,27.1,51.9,40.5,30.4,43.7,23.1,26.3,26.3
2024-09-05 11:43:54,27.0,51.6,40.3,30.4,43.4,23.1,26.3,26.4
2024-09-05 11:43:54,26.9,51.4,40.0,30.3,43.4,23.1,26.3,26.4
2024-09-05 11:43:54,26.9,51.1,39.8,30.2,43.1,23.1,26.3,26.3
2024-09-05 11:43:54,26.8,50.8,39.8,30.1,42.8,23.1,26.3,26.3
2024-09-05 11:43:54,26.8,50.6,39.6,30.0,42.6,23.1,26.3,26.4
2024-09-05 11:43:54,26.8,50.3,39.4,29.9,42.3,23.1,26.3,26.3
2024-09-05 11:43:55,26.7,50.0,39.2,29.8,42.0,23.1,26.3,26.4
2024-09-05 11:43:55,26.6,49.8,39.0,29.7,41.7,23.1,26.3,26.4
2024-09-05 11:43:55,26.6,49.5,38.7,29.6,41.5,23.1,26.3,26.3
2024-09-05 11:43:55,26.5,49.2,38.5,29.5,41.2,23.1,26.3,26.4
2024-09-05 11:43:55,26.5,49.0,38.3,29.4,40.9,23.1,26.3,26.4
2024-09-05 11:43:55,26.4,48.7,38.1,29.3,40.7,23.1,26.3,26.4
2024-09-05 11:43:55,26.4,48.5,37.9,29.2,40.4,23.1,26.3,26.4
2024-09-05 11:43:55,26.3,48.2,37.7,29.2,40.2,23.1,26.3,26.4
2024-09-05 11:43:55,26.2,48.0,37.6,29.1,39.9,23.1,26.3,26.4
2024-09-05 11:43:55,26.2,47.7,37.3,29.0,39.7,23.1,26.3,26.4
2024-09-05 11:43:56,26.2,47.5,37.2,28.9,39.5,23.1,26.3,26.3
2024-09-05 11:43:56,26.1,47.5,37.0,28.8,39.3,23.1,26.3,26.4
2024-09-05 11:43:56,26.1,47.2,36.8,28.7,39.3,23.1,26.3,26.3
2024-09-05 11:43:56,26.0,47.0,36.6,28.7,39.1,23.1,26.3,26.4
2024-09-05 11:43:56,26.0,46.8,36.5,28.6,38.8,23.1,26.3,26.4
2024-09-05 11:43:56,25.9,46.5,36.3,28.5,38.6,23.1,26.3,26.4
2024-09-05 11:43:56,25.9,46.3,36.1,28.5,38.4,23.0,26.3,26.3
2024-09-05 11:43:56,25.9,46.1,36.1,28.4,38.2,23.1,26.3,26.4
2024-09-05 11:43:56,25.8,45.9,36.0,28.3,38.1,23.0,26.3,26.4
2024-09-05 11:43:56,25.8,45.7,35.9,28.3,37.9,23.0,26.3,26.4
2024-09-05 11:43:57,25.8,45.4,35.7,28.2,37.7,23.0,26.3,26.4
2024-09-05 11:43:57,25.7,45.2,35.6,28.1,37.5,23.1,26.3,26.4
2024-09-05 11:43:57,25.7,45.0,35.5,28.1,37.3,23.1,26.3,26.4
2024-09-05 11:43:57,25.7,44.8,35.3,28.0,37.1,23.1,26.3,26.4
2024-09-05 11:43:57,25.6,44.6,35.2,27.9,37.0,23.1,26.3,26.4
2024-09-05 11:43:57,25.6,44.4,35.1,27.9,36.8,23.1,26.3,26.3
2024-09-05 11:43:57,25.6,44.2,34.9,27.8,36.6,23.1,26.3,26.4
2024-09-05 11:43:57,25.6,44.0,34.8,27.7,36.5,23.1,26.3,26.4
2024-09-05 11:43:57,25.5,43.8,34.7,27.7,36.5,23.1,26.3,26.4
2024-09-05 11:43:57,25.5,43.7,34.6,27.6,36.3,23.0,26.3,26.4
2024-09-05 11:43:58,25.5,43.5,34.4,27.6,36.1,23.0,26.3,26.3
2024-09-05 11:43:58,25.4,43.3,34.3,27.6,36.0,23.1,26.3,26.4
2024-09-05 11:43:58,25.4,43.1,34.2,27.5,35.8,23.1,26.3,26.3
2024-09-05 11:43:58,25.4,43.0,34.1,27.4,35.6,23.0,26.3,26.3
2024-09-05 11:43:58,25.3,42.8,34.0,27.4,35.5,23.1,26.3,26.3
2024-09-05 11:43:58,25.3,42.7,33.9,27.3,35.3,23.1,26.3,26.4
2024-09-05 11:43:58,25.3,42.5,33.8,27.2,35.2,23.1,26.3,26.4
2024-09-05 11:43:58,25.2,42.3,33.8,27.2,35.0,23.1,26.3,26.4
2024-09-05 11:43:58,25.2,42.2,33.7,27.1,34.9,23.1,26.3,26.4
2024-09-05 11:43:58,25.2,42.0,33.6,27.1,34.7,23.1,26.3,26.4
2024-09-05 11:43:59,25.2,41.9,33.5,27.0,34.6,23.1,26.3,26.4
2024-09-05 11:43:59,25.1,41.9,33.4,27.0,34.4,23.1,26.3,26.4
2024-09-05 11:43:59,25.1,41.7,33.3,26.9,34.3,23.1,26.3,26.4
2024-09-05 11:43:59,25.1,41.5,33.2,26.9,34.1,23.1,26.3,26.4
2024-09-05 11:43:59,25.0,41.4,33.1,26.8,34.0,23.1,26.3,26.4
2024-09-05 11:43:59,25.0,41.2,33.0,26.8,33.8,23.1,26.3,26.3
2024-09-05 11:43:59,25.0,41.1,32.9,26.7,33.8,23.1,26.3,26.4
2024-09-05 11:43:59,25.0,40.9,32.9,26.7,33.7,23.1,26.3,26.4
2024-09-05 11:43:59,25.0,40.8,32.8,26.6,33.6,23.1,26.3,26.4
2024-09-05 11:43:59,24.9,40.6,32.7,26.6,33.5,23.1,26.3,26.4
2024-09-05 11:44:00,24.9,40.5,32.6,26.5,33.3,23.1,26.3,26.4
2024-09-05 11:44:00,24.9,40.4,32.6,26.5,33.2,23.0,26.3,26.3
2024-09-05 11:44:00,24.9,40.2,32.5,26.4,33.1,23.0,26.3,26.4
2024-09-05 11:44:00,24.8,40.1,32.4,26.4,33.0,23.0,26.3,26.4
2024-09-05 11:44:00,24.8,40.0,32.4,26.3,32.9,23.1,26.3,26.4
2024-09-05 11:44:00,24.8,39.9,32.3,26.3,32.7,23.0,26.3,26.4
2024-09-05 11:44:00,24.7,39.7,32.2,26.3,32.6,23.0,26.3,26.4
2024-09-05 11:44:00,24.7,39.6,32.1,26.2,32.5,23.0,26.3,26.4
2024-09-05 11:44:00,24.7,39.5,32.1,26.2,32.4,23.0,26.3,26.4
2024-09-05 11:44:00,24.7,39.4,32.1,26.1,32.3,23.0,26.3,26.4
2024-09-05 11:44:01,24.6,39.3,32.0,26.1,32.2,23.0,26.3,26.4
2024-09-05 11:44:01,24.6,39.1,32.0,26.1,32.1,23.0,26.3,26.4
2024-09-05 11:44:01,24.6,39.0,31.9,26.0,31.9,23.0,26.3,26.4
2024-09-05 11:44:01,24.6,38.9,31.8,26.0,31.9,22.9,26.3,26.4
2024-09-05 11:44:01,24.5,38.8,31.8,25.9,31.9,22.9,26.3,26.4
2024-09-05 11:44:01,24.5,38.6,31.7,25.9,31.8,22.9,26.3,26.4
2024-09-05 11:44:01,24.5,38.5,31.6,25.9,31.6,22.9,26.3,26.4
2024-09-05 11:44:01,24.4,38.4,31.5,25.9,31.5,22.9,26.3,26.4
2024-09-05 11:44:01,24.4,38.4,31.5,25.8,31.5,22.9,26.3,26.4
2024-09-05 11:44:01,24.4,38.2,31.4,25.8,31.4,22.9,26.3,26.4
2024-09-05 11:44:02,24.4,38.1,31.3,25.8,31.3,22.9,26.3,26.4
2024-09-05 11:44:02,24.3,37.9,31.2,25.7,31.2,22.9,26.3,26.4
2024-09-05 11:44:02,24.3,37.8,31.2,25.7,31.1,22.9,26.3,26.4
2024-09-05 11:44:02,24.3,37.7,31.1,25.7,31.0,22.9,26.3,26.4
2024-09-05 11:44:02,24.3,37.5,31.0,25.6,30.9,22.9,26.3,26.4
2024-09-05 11:44:02,24.3,37.4,31.0,25.6,30.9,22.9,26.3,26.4
2024-09-05 11:44:02,24.2,37.2,30.9,25.6,30.8,22.9,26.3,26.4
2024-09-05 11:44:02,24.2,37.1,30.9,25.6,30.7,22.9,26.3,26.4
2024-09-05 11:44:02,24.2,37.0,30.8,25.5,30.6,22.9,26.3,26.4
2024-09-05 11:44:02,24.2,36.9,30.7,25.5,30.6,22.9,26.3,26.4
2024-09-05 11:44:03,24.2,36.8,30.7,25.5,30.5,22.9,26.3,26.4
2024-09-05 11:44:03,24.2,36.6,30.6,25.5,30.5,22.9,26.3,26.4
2024-09-05 11:44:03,24.1,36.5,30.5,25.5,30.4,22.9,26.3,26.4
2024-09-05 11:44:03,24.1,36.4,30.5,25.4,30.3,22.9,26.3,26.4
2024-09-05 11:44:03,24.1,36.3,30.4,25.4,30.2,22.9,26.3,26.4
2024-09-05 11:44:03,24.1,36.2,30.4,25.4,30.2,22.9,26.3,26.4
2024-09-05 11:44:03,24.1,36.0,30.3,25.4,30.1,22.9,26.3,26.4
2024-09-05 11:44:03,24.1,35.9,30.2,25.3,30.0,22.9,26.3,26.4
2024-09-05 11:44:03,24.0,35.8,30.2,25.3,29.9,22.9,26.3,26.4
2024-09-05 11:44:03,24.0,35.7,30.1,25.3,29.9,22.9,26.3,26.4
2024-09-05 11:44:04,24.0,35.6,30.1,25.3,29.8,22.9,26.3,26.4
2024-09-05 11:44:04,24.0,35.5,30.0,25.2,29.8,22.9,26.3,26.4
2024-09-05 11:44:04,24.0,35.4,29.9,25.2,29.7,22.9,26.3,26.4
2024-09-05 11:44:04,24.0,35.3,29.9,25.2,29.6,22.9,26.3,26.4
2024-09-05 11:44:04,24.0,35.2,29.8,25.2,29.5,22.9,26.3,26.4
2024-09-05 11:44:04,23.9,35.2,29.8,25.2,29.5,22.9,26.3,26.4
2024-09-05 11:44:04,23.9,35.1,29.7,25.1,29.5,22.9,26.3,26.4
2024-09-05 11:44:04,23.9,35.0,29.7,25.1,29.4,22.9,26.3,26.4
2024-09-05 11:44:04,23.9,34.9,29.6,25.1,29.4,22.9,26.3,26.4
2024-09-05 11:44:04,23.9,34.8,29.6,25.1,29.3,22.9,26.3,26.4
2024-09-05 11:44:05,23.9,34.7,29.5,25.0,29.2,22.9,26.3,26.4
2024-09-05 11:44:05,23.9,34.6,29.5,25.0,29.2,22.9,26.3,26.4
2024-09-05 11:44:05,23.9,34.6,29.4,25.0,29.1,22.9,26.3,26.4
2024-09-05 11:44:05,23.8,34.5,29.4,25.0,29.0,22.9,26.3,26.4
2024-09-05 11:44:05,23.8,34.4,29.3,25.0,29.0,22.9,26.3,26.4
2024-09-05 11:44:05,23.8,34.3,29.3,25.0,28.9,22.9,26.3,26.4
2024-09-05 11:44:05,23.8,34.2,29.2,24.9,28.9,22.9,26.3,26.4
2024-09-05 11:44:05,23.8,34.1,29.2,24.9,28.8,22.9,26.3,26.4
2024-09-05 11:44:05,23.8,34.0,29.1,24.9,28.7,22.9,26.3,26.4
2024-09-05 11:44:05,23.8,33.9,29.1,24.9,28.7,22.9,26.3,26.4
2024-09-05 11:44:06,23.7,33.8,29.0,24.9,28.6,22.9,26.3,26.4
2024-09-05 11:44:06,23.7,33.7,29.0,24.9,28.6,22.9,26.3,26.4
2024-09-05 11:44:06,23.7,33.6,28.9,24.9,28.6,22.9,26.3,26.4
2024-09-05 11:44:06,23.7,33.5,28.9,24.8,28.5,22.9,26.3,26.4
2024-09-05 11:44:06,23.7,33.4,28.8,24.8,28.5,22.9,26.3,26.4
2024-09-05 11:44:06,23.7,33.3,28.8,24.8,28.4,22.9,26.3,26.4
2024-09-05 11:44:06,23.6,33.2,28.8,24.8,28.3,22.9,26.3,26.4
2024-09-05 11:44:06,23.6,33.1,28.7,24.7,28.2,22.9,26.3,26.4
2024-09-05 11:44:06,23.6,33.0,28.6,24.7,28.2,22.9,26.3,26.4
2024-09-05 11:44:06,23.6,32.9,28.6,24.7,28.1,22.9,26.3,26.4
2024-09-05 11:44:07,23.6,32.9,28.5,24.6,28.1,22.9,26.3,26.4
2024-09-05 11:44:07,23.6,32.8,28.5,24.6,28.0,22.9,26.3,26.4
2024-09-05 11:44:07,23.6,32.7,28.4,24.6,27.9,22.9,26.3,26.4
2024-09-05 11:44:07,23.6,32.6,28.4,24.6,27.9,22.9,26.3,26.4
2024-09-05 11:44:07,23.6,32.5,28.3,24.6,27.8,22.9,26.3,26.4
2024-09-05 11:44:07,23.5,32.4,28.2,24.5,27.8,22.9,26.3,26.4
2024-09-05 11:44:07,23.5,32.3,28.2,24.5,27.7,22.9,26.3,26.4
2024-09-05 11:44:07,23.5,32.2,28.1,24.5,27.6,22.9,26.3,26.4
2024-09-05 11:44:07,23.5,32.1,28.1,24.5,27.6,22.9,26.3,26.4
2024-09-05 11:44:07,23.5,32.0,28.0,24.4,27.6,22.9,26.4,26.4
2024-09-05 11:44:08,23.5,31.9,28.0,24.4,27.6,22.8,26.3,26.4
2024-09-05 11:44:08,23.5,31.8,27.9,24.4,27.5,22.9,26.3,26.4
2024-09-05 11:44:08,23.4,31.7,27.9,24.4,27.4,22.8,26.3,26.4
2024-09-05 11:44:08,23.4,31.6,27.8,24.4,27.3,22.8,26.3,26.4
2024-09-05 11:44:08,23.4,31.5,27.8,24.4,27.3,22.8,26.3,26.4
2024-09-05 11:44:08,23.4,31.4,27.8,24.4,27.3,22.8,26.3,26.4
2024-09-05 11:44:08,23.4,31.3,27.7,24.3,27.2,22.8,26.3,26.4
2024-09-05 11:44:08,23.4,31.2,27.7,24.3,27.2,22.8,26.3,26.4
2024-09-05 11:44:08,23.4,31.2,27.6,24.3,27.1,22.8,26.3,26.4
2024-09-05 11:44:08,23.4,31.1,27.6,24.3,27.1,22.8,26.3,26.4
2024-09-05 11:44:09,23.3,31.0,27.6,24.3,27.0,22.8,26.3,26.4
2024-09-05 11:44:09,23.4,31.0,27.5,24.2,27.0,22.8,26.3,26.4
2024-09-05 11:44:09,23.3,30.8,27.5,24.2,26.9,22.8,26.3,26.4
2024-09-05 11:44:09,23.3,30.8,27.4,24.2,26.9,22.8,26.3,26.4
2024-09-05 11:44:09,23.3,30.7,27.4,24.2,26.9,22.8,26.3,26.4
2024-09-05 11:44:09,23.3,30.7,27.4,24.2,26.9,22.8,26.3,26.4
2024-09-05 11:44:09,23.3,30.7,27.4,24.2,26.8,22.8,26.3,26.4
2024-09-05 11:44:09,23.3,30.6,27.4,24.1,26.8,22.8,26.3,26.4
2024-09-05 11:44:09,23.3,30.5,27.3,24.1,26.8,22.8,26.3,26.4
2024-09-05 11:44:09,23.3,30.5,27.3,24.1,26.7,22.8,26.3,26.4
2024-09-05 11:44:10,23.3,30.4,27.3,24.1,26.7,22.8,26.3,26.4
2024-09-05 11:44:10,23.3,30.4,27.2,24.1,26.7,22.8,26.3,26.4
2024-09-05 11:44:10,23.2,30.3,27.2,24.1,26.6,22.8,26.3,26.4
2024-09-05 11:44:10,23.3,30.3,27.2,24.1,26.6,22.8,26.3,26.4
2024-09-05 11:44:10,23.2,30.2,27.1,24.1,26.6,22.8,26.3,26.4
2024-09-05 11:44:10,23.2,30.2,27.2,24.1,26.5,22.8,26.3,26.4
2024-09-05 11:44:10,23.2,30.1,27.1,24.0,26.5,22.8,26.3,26.4
2024-09-05 11:44:10,23.2,30.1,27.1,24.0,26.5,22.8,26.3,26.4
2024-09-05 11:44:10,23.2,30.1,27.1,24.0,26.4,22.8,26.3,26.4
2024-09-05 11:44:11,23.2,30.0,27.1,24.0,26.4,22.8,26.3,26.4
2024-09-05 11:44:11,23.2,29.9,27.1,24.0,26.4,22.8,26.3,26.4
2024-09-05 11:44:11,23.2,29.9,27.1,24.0,26.4,22.8,26.3,26.4
2024-09-05 11:44:11,23.2,29.8,27.0,24.0,26.3,22.8,26.3,26.4
2024-09-05 11:44:11,23.2,29.8,27.0,24.0,26.3,22.8,26.3,26.4
2024-09-05 11:44:11,23.2,29.8,27.1,24.0,26.3,22.8,26.3,26.4
2024-09-05 11:44:11,23.2,29.7,27.1,24.0,26.3,22.8,26.3,26.4
2024-09-05 11:44:11,23.2,29.7,27.0,24.0,26.3,22.8,26.3,26.4
2024-09-05 11:44:11,23.1,29.6,27.0,24.0,26.2,22.8,26.3,26.4
2024-09-05 11:44:11,23.1,29.6,27.0,24.0,26.2,22.8,26.3,26.4
2024-09-05 11:44:12,23.1,29.6,27.1,24.0,26.2,22.8,26.3,26.4
2024-09-05 11:44:12,23.1,29.5,27.0,24.0,26.2,22.8,26.3,26.4
2024-09-05 11:44:12,23.1,29.5,27.0,24.0,26.2,22.8,26.3,26.4
2024-09-05 11:44:12,23.1,29.5,27.0,24.0,26.2,22.8,26.3,26.4
2024-09-05 11:44:12,23.1,29.4,27.0,24.0,26.1,22.8,26.3,26.4
2024-09-05 11:44:12,23.1,29.4,27.0,23.9,26.1,22.9,26.3,26.4
2024-09-05 11:44:12,23.1,29.4,27.0,23.9,26.1,22.8,26.3,26.4
2024-09-05 11:44:12,23.1,29.4,27.0,23.9,26.1,22.8,26.3,26.4
2024-09-05 11:44:12,23.1,29.3,27.0,23.9,26.1,22.8,26.3,26.4
2024-09-05 11:44:12,23.1,29.3,26.9,23.9,26.1,22.8,26.3,26.4
2024-09-05 11:44:13,23.1,29.3,26.9,23.9,26.1,22.8,26.3,26.4
2024-09-05 11:44:13,23.1,29.3,26.9,23.9,26.1,22.9,26.3,26.4
2024-09-05 11:44:13,23.1,29.2,26.9,23.9,26.1,22.8,26.3,26.4
2024-09-05 11:44:13,23.1,29.2,26.9,23.9,26.1,22.8,26.3,26.4
2024-09-05 11:44:13,23.1,29.2,26.9,23.9,26.0,22.9,26.3,26.4
2024-09-05 11:44:13,23.1,29.1,26.9,23.9,26.0,22.9,26.3,26.4
2024-09-05 11:44:13,23.1,29.1,26.8,23.9,26.0,22.9,26.3,26.4
2024-09-05 11:44:13,23.1,29.1,26.9,23.9,26.0,22.9,26.3,26.4
2024-09-05 11:44:13,23.1,29.1,26.9,23.9,26.0,22.9,26.3,26.4
2024-09-05 11:44:13,23.1,29.0,26.9,23.9,26.0,22.9,26.3,26.4
2024-09-05 11:44:14,23.1,29.0,26.8,23.9,26.0,22.9,26.3,26.4
2024-09-05 11:44:14,23.1,29.0,26.8,23.9,26.0,22.9,26.3,26.4
2024-09-05 11:44:14,23.1,29.0,26.8,23.9,26.0,22.9,26.3,26.4
2024-09-05 11:44:14,23.1,28.9,26.9,23.9,26.0,22.9,26.3,26.4
2024-09-05 11:44:14,23.1,28.9,26.8,23.9,26.0,22.9,26.3,26.4
2024-09-05 11:44:14,23.1,28.9,26.8,23.9,26.0,23.0,26.3,26.4
2024-09-05 11:44:14,23.1,28.9,26.8,23.9,26.0,23.0,26.3,26.4
2024-09-05 11:44:14,23.1,28.8,26.8,23.9,26.0,23.0,26.3,26.4
2024-09-05 11:44:14,23.1,28.8,26.8,23.9,26.0,23.0,26.3,26.4
2024-09-05 11:44:14,23.1,28.8,26.8,23.9,26.0,23.0,26.3,26.4
2024-09-05 11:44:15,23.1,28.8,26.8,23.9,26.0,23.0,26.3,26.4
2024-09-05 11:44:15,23.1,28.7,26.8,23.9,26.0,23.1,26.3,26.4
2024-09-05 11:44:15,23.1,28.7,26.8,23.9,26.0,23.1,26.3,26.4
2024-09-05 11:44:15,23.1,28.7,26.8,23.9,26.0,23.0,26.3,26.4
2024-09-05 11:44:15,23.1,28.7,26.8,23.9,26.0,23.1,26.3,26.4
2024-09-05 11:44:15,23.1,28.6,26.8,23.9,26.0,23.1,26.4,26.4
2024-09-05 11:44:15,23.1,28.6,26.9,23.9,26.0,23.1,26.3,26.4
2024-09-05 11:44:15,23.1,28.6,26.8,23.9,26.0,23.1,26.3,26.4
2024-09-05 11:44:15,23.1,28.5,26.8,23.9,26.0,23.1,26.3,26.4
2024-09-05 11:44:15,23.1,28.5,26.8,23.9,25.9,23.1,26.3,26.4
2024-09-05 11:44:16,23.0,28.5,26.8,23.9,25.9,23.1,26.3,26.4
2024-09-05 11:44:16,23.1,28.4,26.8,23.9,25.9,23.1,26.3,26.4
2024-09-05 11:44:16,23.1,28.4,26.8,23.9,25.9,23.1,26.3,26.4
2024-09-05 11:44:16,23.0,28.4,26.8,23.9,25.9,23.1,26.3,26.4
2024-09-05 11:44:16,23.0,28.3,26.8,23.9,25.9,23.1,26.3,26.4
2024-09-05 11:44:16,23.1,28.3,26.8,23.9,25.9,23.1,26.3,26.4
2024-09-05 11:44:16,23.0,28.3,26.8,23.9,25.9,23.1,26.3,26.4
2024-09-05 11:44:16,23.0,28.3,26.8,23.9,25.9,23.1,26.3,26.4
2024-09-05 11:44:16,23.0,28.3,26.8,23.9,25.9,23.1,26.3,26.4
2024-09-05 11:44:16,23.0,28.2,26.8,23.9,25.9,23.1,26.3,26.4
2024-09-05 11:44:17,23.0,28.2,26.9,23.9,25.9,23.1,26.3,26.4
2024-09-05 11:44:17,23.0,28.2,26.9,23.9,25.9,23.2,26.3,26.4
2024-09-05 11:44:17,23.0,28.2,26.9,23.9,25.8,23.2,26.3,26.4
2024-09-05 11:44:17,23.0,28.2,27.0,23.9,25.9,23.2,26.3,26.4
2024-09-05 11:44:17,23.0,28.2,27.0,23.9,25.8,23.2,26.3,26.4
2024-09-05 11:44:17,23.0,28.1,27.0,23.9,25.8,23.2,26.3,26.4
2024-09-05 11:44:17,23.0,28.1,27.0,23.9,25.8,23.2,26.3,26.4
2024-09-05 11:44:17,23.0,28.1,27.0,23.8,25.8,23.2,26.3,26.4
2024-09-05 11:44:17,23.0,28.1,27.0,23.8,25.8,23.2,26.3,26.4
2024-09-05 11:44:17,23.0,28.1,27.0,23.9,25.8,23.2,26.3,26.4
2024-09-05 11:44:18,23.0,28.1,27.0,23.8,25.8,23.2,26.3,26.4
2024-09-05 11:44:18,23.0,28.1,27.0,23.8,25.8,23.2,26.3,26.4
2024-09-05 11:44:18,23.0,28.0,27.0,23.9,25.8,23.2,26.3,26.4
2024-09-05 11:44:18,23.0,28.0,27.0,23.8,25.7,23.2,26.3,26.4
2024-09-05 11:44:18,23.0,28.0,27.0,23.8,25.8,23.2,26.3,26.4
2024-09-05 11:44:18,23.0,28.0,27.0,23.8,25.7,23.2,26.3,26.4
2024-09-05 11:44:18,23.0,28.0,27.0,23.8,25.7,23.2,26.3,26.4
2024-09-05 11:44:18,23.0,27.9,27.0,23.9,25.7,23.2,26.3,26.4
2024-09-05 11:44:18,23.0,27.9,27.1,23.8,25.7,23.2,26.3,26.4
2024-09-05 11:44:18,23.0,27.9,27.0,23.8,25.7,23.2,26.3,26.4
2024-09-05 11:44:19,23.0,27.9,27.0,23.8,25.7,23.2,26.3,26.4
2024-09-05 11:44:19,23.0,27.9,27.0,23.8,25.7,23.2,26.3,26.4
2024-09-05 11:44:19,23.0,27.8,27.0,23.8,25.7,23.2,26.4,26.4
2024-09-05 11:44:19,23.0,27.8,27.0,23.8,25.7,23.2,26.3,26.4
2024-09-05 11:44:19,23.0,27.8,27.0,23.8,25.6,23.2,26.3,26.4
2024-09-05 11:44:19,22.9,27.7,27.0,23.8,25.6,23.2,26.3,26.4
2024-09-05 11:44:19,23.0,27.7,27.0,23.8,25.6,23.2,26.3,26.4
2024-09-05 11:44:19,23.0,27.7,27.0,23.8,25.6,23.2,26.3,26.4
2024-09-05 11:44:19,23.0,27.7,27.0,23.8,25.6,23.2,26.3,26.4
2024-09-05 11:44:19,22.9,27.6,26.9,23.7,25.6,23.2,26.3,26.4
2024-09-05 11:44:20,22.9,27.6,26.9,23.7,25.5,23.2,26.3,26.4
2024-09-05 11:44:20,22.9,27.6,26.9,23.7,25.5,23.2,26.3,26.4
2024-09-05 11:44:20,22.9,27.6,26.9,23.7,25.5,23.2,26.3,26.4
2024-09-05 11:44:20,22.9,27.6,26.8,23.7,25.5,23.2,26.3,26.4
2024-09-05 11:44:20,22.9,27.6,26.8,23.7,25.5,23.2,26.3,26.4
2024-09-05 11:44:20,22.9,27.6,26.8,23.7,25.5,23.2,26.3,26.4
2024-09-05 11:44:20,22.9,27.5,26.8,23.7,25.4,23.2,26.3,26.4
2024-09-05 11:44:20,22.9,27.5,26.8,23.7,25.5,23.2,26.3,26.4
2024-09-05 11:44:20,22.9,27.5,26.8,23.7,25.4,23.2,26.3,26.4
2024-09-05 11:44:20,22.9,27.5,26.8,23.7,25.4,23.2,26.3,26.4
2024-09-05 11:44:21,22.9,27.5,26.8,23.7,25.4,23.2,26.3,26.4
2024-09-05 11:44:21,22.9,27.5,26.7,23.7,25.4,23.2,26.3,26.4
2024-09-05 11:44:21,22.9,27.5,26.7,23.7,25.4,23.2,26.3,26.4
2024-09-05 11:44:21,22.9,27.4,26.7,23.6,25.3,23.1,26.3,26.4
2024-09-05 11:44:21,22.8,27.4,26.7,23.6,25.3,23.2,26.3,26.4
2024-09-05 11:44:21,22.9,27.4,26.7,23.6,25.3,23.1,26.3,26.4
2024-09-05 11:44:21,22.9,27.4,26.7,23.6,25.3,23.1,26.3,26.4
2024-09-05 11:44:21,22.8,27.4,26.7,23.6,25.3,23.1,26.3,26.4
2024-09-05 11:44:21,22.8,27.3,26.7,23.6,25.3,23.1,26.3,26.4
2024-09-05 11:44:21,22.8,27.3,26.6,23.6,25.3,23.1,26.3,26.4
2024-09-05 11:44:22,22.8,27.3,26.6,23.6,25.2,23.1,26.3,26.4
2024-09-05 11:44:22,22.8,27.2,26.6,23.6,25.2,23.1,26.3,26.4
2024-09-05 11:44:22,22.8,27.2,26.6,23.6,25.2,23.1,26.3,26.4
2024-09-05 11:44:22,22.8,27.2,26.5,23.6,25.2,23.1,26.3,26.4
2024-09-05 11:44:22,22.8,27.2,26.5,23.6,25.2,23.1,26.3,26.4
2024-09-05 11:44:22,22.8,27.1,26.5,23.6,25.2,23.1,26.3,26.4
2024-09-05 11:44:22,22.8,27.1,26.5,23.6,25.2,23.1,26.3,26.4
2024-09-05 11:44:22,22.8,27.1,26.5,23.6,25.2,23.1,26.3,26.4
2024-09-05 11:44:22,22.8,27.1,26.4,23.6,25.2,23.1,26.3,26.4
2024-09-05 11:44:22,22.8,27.0,26.4,23.5,25.2,23.1,26.3,26.4
2024-09-05 11:44:23,22.8,27.0,26.4,23.6,25.2,23.1,26.3,26.4
2024-09-05 11:44:23,22.8,27.0,26.4,23.6,25.2,23.1,26.3,26.4
2024-09-05 11:44:23,22.8,27.0,26.3,23.5,25.2,23.1,26.3,26.4
2024-09-05 11:44:23,22.8,26.9,26.3,23.6,25.2,23.1,26.3,26.4
2024-09-05 11:44:23,22.8,26.9,26.2,23.5,25.1,23.1,26.3,26.4
2024-09-05 11:44:23,22.8,26.9,26.3,23.5,25.1,23.1,26.3,26.4
2024-09-05 11:44:23,22.8,26.9,26.3,23.5,25.1,23.1,26.3,26.4
2024-09-05 11:44:23,22.8,26.9,26.2,23.5,25.1,23.1,26.3,26.4
2024-09-05 11:44:23,22.8,26.9,26.2,23.5,25.1,23.1,26.3,26.4
2024-09-05 11:44:23,22.8,26.9,26.2,23.5,25.0,23.1,26.3,26.4
2024-09-05 11:44:24,22.8,26.8,26.1,23.5,25.0,23.1,26.3,26.4
2024-09-05 11:44:24,22.8,26.8,26.1,23.5,25.0,23.1,26.3,26.4
2024-09-05 11:44:24,22.8,26.8,26.1,23.5,25.0,23.1,26.3,26.4
2024-09-05 11:44:24,22.8,26.8,26.1,23.5,25.0,23.1,26.3,26.4
2024-09-05 11:44:24,22.8,26.7,26.1,23.4,25.0,23.1,26.3,26.4
2024-09-05 11:44:24,22.8,26.7,26.1,23.5,25.0,23.1,26.3,26.4
2024-09-05 11:44:24,22.8,26.7,26.1,23.4,25.0,23.1,26.3,26.4
2024-09-05 11:44:24,22.7,26.7,26.1,23.4,25.0,23.1,26.3,26.4
2024-09-05 11:44:24,22.7,26.6,26.0,23.4,25.0,23.1,26.3,26.4
2024-09-05 11:44:24,22.8,26.6,26.0,23.4,24.9,23.1,26.3,26.4
2024-09-05 11:44:25,22.8,26.6,26.0,23.4,24.9,23.0,26.3,26.4
2024-09-05 11:44:25,22.8,26.6,26.0,23.4,24.9,23.0,26.3,26.4
2024-09-05 11:44:25,22.8,26.6,26.0,23.4,24.9,23.0,26.3,26.4
2024-09-05 11:44:25,22.8,26.6,26.0,23.4,24.9,23.0,26.3,26.4
2024-09-05 11:44:25,22.8,26.5,26.0,23.4,24.9,23.1,26.3,26.4
2024-09-05 11:44:25,22.8,26.5,25.9,23.4,24.9,23.0,26.3,26.4
2024-09-05 11:44:25,22.8,26.5,25.9,23.4,24.9,23.1,26.3,26.4
2024-09-05 11:44:25,22.8,26.4,25.9,23.4,24.9,23.1,26.3,26.4
2024-09-05 11:44:25,22.8,26.4,25.9,23.4,24.8,23.0,26.3,26.4
2024-09-05 11:44:25,22.8,26.4,25.9,23.4,24.9,23.1,26.3,26.4
2024-09-05 11:44:26,22.8,26.4,25.9,23.4,24.8,23.1,26.3,26.4
2024-09-05 11:44:26,22.8,26.4,25.9,23.4,24.8,23.0,26.3,26.4
2024-09-05 11:44:26,22.8,26.3,25.9,23.4,24.9,23.1,26.3,26.4
2024-09-05 11:44:26,22.8,26.4,25.9,23.4,24.8,23.1,26.3,26.4
2024-09-05 11:44:26,22.8,26.4,25.9,23.4,24.8,23.1,26.3,26.4
2024-09-05 11:44:26,22.8,26.3,25.9,23.4,24.8,23.1,26.3,26.4
2024-09-05 11:44:26,22.8,26.3,25.9,23.4,24.8,23.1,26.3,26.4
2024-09-05 11:44:26,22.8,26.3,25.9,23.4,24.8,23.0,26.3,26.4
2024-09-05 11:44:26,22.8,26.3,25.9,23.4,24.8,23.0,26.3,26.4
2024-09-05 11:44:26,22.8,26.3,25.9,23.4,24.8,23.1,26.3,26.4
2024-09-05 11:44:27,22.8,26.3,25.8,23.4,24.8,23.1,26.3,26.4
2024-09-05 11:44:27,22.8,26.3,25.8,23.4,24.8,23.1,26.3,26.4
2024-09-05 11:44:27,22.8,26.3,25.8,23.4,24.8,23.1,26.3,26.4
2024-09-05 11:44:27,22.8,26.3,25.8,23.4,24.8,23.1,26.3,26.4
2024-09-05 11:44:27,22.8,26.3,25.8,23.4,24.8,23.1,26.3,26.4
2024-09-05 11:44:27,22.8,26.3,25.8,23.4,24.8,23.1,26.3,26.4
2024-09-05 11:44:27,22.8,26.3,25.8,23.4,24.8,23.1,26.3,26.4
2024-09-05 11:44:27,22.8,26.3,25.8,23.4,24.8,23.1,26.3,26.4
2024-09-05 11:44:27,22.8,26.3,25.8,23.4,24.8,23.0,26.3,26.4
2024-09-05 11:44:27,22.8,26.3,25.8,23.4,24.8,23.1,26.3,26.4
2024-09-05 11:44:28,22.8,26.3,25.8,23.4,24.8,23.1,26.3,26.4
2024-09-05 11:44:28,22.8,26.3,25.8,23.4,24.8,23.1,26.3,26.4
2024-09-05 11:44:28,22.8,26.3,25.8,23.4,24.8,23.1,26.3,26.4
2024-09-05 11:44:28,22.8,26.2,25.8,23.4,24.8,23.1,26.3,26.4
2024-09-05 11:44:28,22.8,26.2,25.8,23.4,24.8,23.1,26.3,26.4
2024-09-05 11:44:28,22.8,26.2,25.8,23.4,24.7,23.0,26.3,26.4
2024-09-05 11:44:28,22.8,26.2,25.8,23.4,24.7,23.1,26.3,26.4
2024-09-05 11:44:28,22.8,26.2,25.8,23.4,24.7,23.1,26.3,26.4
2024-09-05 11:44:28,22.8,26.2,25.8,23.4,24.7,23.0,26.3,26.4
2024-09-05 11:44:28,22.8,26.2,25.8,23.4,24.7,23.0,26.3,26.4
2024-09-05 11:44:29,22.8,26.2,25.8,23.4,24.7,23.0,26.3,26.4
2024-09-05 11:44:29,22.8,26.1,25.8,23.4,24.7,23.0,26.3,26.4
2024-09-05 11:44:29,22.8,26.1,25.8,23.4,24.7,23.0,26.3,26.4
2024-09-05 11:44:29,22.8,26.1,25.8,23.4,24.6,23.0,26.3,26.4
2024-09-05 11:44:29,22.8,26.1,25.8,23.4,24.6,23.0,26.3,26.4
2024-09-05 11:44:29,22.8,26.1,25.8,23.4,24.6,23.0,26.3,26.4
2024-09-05 11:44:29,22.8,26.1,25.8,23.4,24.6,23.1,26.3,26.4
2024-09-05 11:44:29,22.8,26.1,25.8,23.4,24.7,23.0,26.3,26.4
2024-09-05 11:44:29,22.8,26.1,25.8,23.4,24.6,23.0,26.3,26.4
2024-09-05 11:44:29,22.8,26.0,25.8,23.4,24.6,23.0,26.3,26.4
2024-09-05 11:44:30,22.8,26.0,25.8,23.4,24.6,23.0,26.3,26.4
2024-09-05 11:44:30,22.8,26.0,25.8,23.4,24.6,23.1,26.3,26.4
2024-09-05 11:44:30,22.8,26.0,25.8,23.4,24.6,23.0,26.3,26.4
2024-09-05 11:44:30,22.8,26.0,25.8,23.4,24.6,23.0,26.3,26.4
2024-09-05 11:44:30,22.8,26.0,25.8,23.3,24.6,23.0,26.3,26.4
2024-09-05 11:44:30,22.8,25.9,25.8,23.4,24.6,23.0,26.3,26.4
2024-09-05 11:44:30,22.8,25.9,25.8,23.4,24.6,23.0,26.3,26.4
2024-09-05 11:44:30,22.8,25.9,25.8,23.3,24.5,23.0,26.3,26.4
2024-09-05 11:44:30,22.8,25.9,25.8,23.3,24.5,23.0,26.3,26.4
2024-09-05 11:44:30,22.8,25.9,25.8,23.3,24.5,23.0,26.3,26.4
2024-09-05 11:44:31,22.8,25.9,25.8,23.3,24.5,23.0,26.3,26.4
2024-09-05 11:44:31,22.8,25.9,25.8,23.3,24.5,23.0,26.3,26.4
2024-09-05 11:44:31,22.7,25.9,25.8,23.3,24.5,23.0,26.3,26.4
2024-09-05 11:44:31,22.8,25.9,25.8,23.3,24.5,23.0,26.3,26.4
2024-09-05 11:44:31,22.8,25.9,25.8,23.3,24.5,23.0,26.3,26.4
2024-09-05 11:44:31,22.8,25.9,25.8,23.3,24.5,23.0,26.3,26.4
2024-09-05 11:44:31,22.8,25.8,25.8,23.3,24.5,23.0,26.3,26.4
2024-09-05 11:44:31,22.7,25.9,25.8,23.3,24.5,23.0,26.3,26.4
2024-09-05 11:44:31,22.8,25.8,25.8,23.3,24.5,23.1,26.3,26.4
2024-09-05 11:44:31,22.8,25.8,25.8,23.3,24.5,23.0,26.3,26.4
2024-09-05 11:44:32,22.8,25.8,25.9,23.3,24.5,23.0,26.3,26.4
2024-09-05 11:44:32,22.8,25.8,25.8,23.3,24.5,23.0,26.3,26.4
2024-09-05 11:44:32,22.8,25.8,25.9,23.3,24.5,23.0,26.3,26.4
2024-09-05 11:44:32,22.8,25.9,25.8,23.3,24.5,23.0,26.3,26.4
2024-09-05 11:44:32,22.8,25.8,25.8,23.3,24.5,23.0,26.3,26.4
2024-09-05 11:44:32,22.8,25.8,25.8,23.3,24.5,23.0,26.3,26.4
2024-09-05 11:44:32,22.8,25.8,25.9,23.3,24.5,23.0,26.3,26.4
2024-09-05 11:44:32,22.8,25.8,25.8,23.3,24.4,23.0,26.3,26.4
2024-09-05 11:44:32,22.8,25.8,25.8,23.3,24.5,23.0,26.3,26.4
2024-09-05 11:44:32,22.8,25.8,25.8,23.3,24.5,23.0,26.3,26.4
2024-09-05 11:44:33,22.7,25.8,25.8,23.3,24.4,23.0,26.3,26.4
2024-09-05 11:44:33,22.7,25.8,25.8,23.3,24.5,23.0,26.3,26.4
2024-09-05 11:44:33,22.7,25.8,25.8,23.3,24.4,23.0,26.3,26.4
2024-09-05 11:44:33,22.8,25.8,25.8,23.3,24.4,23.0,26.3,26.4
