2024-09-05 11:47:09,22.3,24.9,23.7,22.4,22.8,22.3,26.4,26.5
2024-09-05 11:47:09,22.4,24.8,23.7,22.4,22.8,22.3,26.4,26.5
2024-09-05 11:47:10,22.4,24.9,23.7,22.4,22.8,22.3,26.4,26.5
2024-09-05 11:47:10,22.3,24.8,23.7,22.4,22.8,22.3,26.4,26.5
2024-09-05 11:47:11,22.3,24.8,23.6,22.4,22.8,22.3,26.4,26.5
2024-09-05 11:47:11,22.9,26.5,23.6,22.4,35.1,22.3,26.4,26.5
2024-09-05 11:47:12,35.0,32.1,23.7,22.5,121.0,22.3,26.4,26.5
2024-09-05 11:47:12,62.3,40.2,52.5,22.7,210.2,22.4,26.4,26.5
2024-09-05 11:47:13,77.8,41.4,104.7,25.9,210.1,22.5,26.4,26.5
2024-09-05 11:47:13,78.3,39.2,154.7,31.8,177.6,22.5,26.4,26.5
2024-09-05 11:47:14,75.6,39.5,163.6,58.9,165.5,22.5,26.4,26.5
2024-09-05 11:47:14,84.6,41.5,165.1,77.8,191.7,22.6,26.4,26.5
2024-09-05 11:47:15,133.3,42.3,153.1,68.6,238.2,22.7,26.4,26.5
2024-09-05 11:47:15,169.4,45.2,141.5,96.7,246.7,22.7,26.4,26.5
2024-09-05 11:47:16,173.5,56.4,140.1,203.0,232.7,22.7,26.4,26.5
2024-09-05 11:47:16,164.0,62.0,134.7,267.5,199.4,22.6,26.4,26.5
2024-09-05 11:47:17,153.0,58.3,123.5,242.9,174.1,22.6,26.4,26.5
2024-09-05 11:47:17,142.1,55.3,110.4,193.4,154.4,22.7,26.4,26.5
2024-09-05 11:47:18,134.0,52.2,100.0,112.3,141.7,22.7,26.4,26.5
2024-09-05 11:47:18,124.9,49.7,91.5,60.2,128.5,22.6,26.4,26.5
2024-09-05 11:47:19,116.4,47.5,85.7,45.4,116.8,22.6,26.4,26.5
2024-09-05 11:47:19,108.6,45.5,79.4,38.0,108.5,22.6,26.4,26.5
2024-09-05 11:47:20,101.6,44.2,74.1,33.5,99.4,22.6,26.4,26.5
2024-09-05 11:47:20,96.4,42.8,69.4,30.8,91.7,22.7,26.4,26.5
2024-09-05 11:47:21,90.5,41.4,66.0,28.2,86.3,22.7,26.4,26.5
2024-09-05 11:47:21,84.9,40.1,62.2,26.1,79.9,22.7,26.4,26.5
2024-09-05 11:47:22,79.9,39.0,58.8,24.5,74.2,22.7,26.4,26.5
2024-09-05 11:47:23,75.6,38.0,55.7,23.2,69.3,22.7,26.4,26.5
2024-09-05 11:47:23,72.2,37.2,53.2,22.1,65.5,22.7,26.4,26.5
2024-09-05 11:47:23,68.1,36.1,50.2,21.1,61.2,22.7,26.4,26.5
2024-09-05 11:47:24,64.2,35.1,47.5,20.4,57.3,22.6,26.4,26.5
2024-09-05 11:47:24,60.7,34.3,45.6,19.8,54.5,22.6,26.4,26.5
2024-09-05 11:47:25,58.2,33.5,43.5,19.4,51.4,22.5,26.4,26.5
2024-09-05 11:47:25,55.5,33.0,41.8,19.0,48.8,22.5,26.4,26.5
2024-09-05 11:47:26,53.0,32.5,40.2,18.7,47.0,22.5,26.4,26.5
2024-09-05 11:47:26,50.8,31.9,39.1,18.4,44.8,22.5,26.4,26.5
2024-09-05 11:47:27,48.6,31.4,37.7,18.2,42.8,22.4,26.4,26.5
2024-09-05 11:47:27,47.0,30.9,36.5,17.9,41.4,22.5,26.4,26.5
2024-09-05 11:47:28,45.1,30.5,35.3,17.7,39.7,22.5,26.4,26.5
2024-09-05 11:47:29,43.2,30.2,34.3,17.6,38.1,22.5,26.4,26.5
2024-09-05 11:47:29,41.5,29.8,33.5,17.5,36.7,22.5,26.4,26.5
2024-09-05 11:47:30,40.0,29.4,32.6,17.4,35.7,22.4,26.4,26.5
2024-09-05 11:47:30,38.6,29.1,31.8,17.3,34.5,22.4,26.4,26.5
2024-09-05 11:47:31,37.5,28.7,31.0,17.1,33.4,22.3,26.4,26.5
2024-09-05 11:47:31,36.3,28.5,30.5,17.1,32.6,22.3,26.4,26.5
2024-09-05 11:47:32,35.2,28.2,29.8,17.0,31.6,22.3,26.4,26.5
2024-09-05 11:47:32,34.2,27.9,29.3,16.9,30.9,22.3,26.4,26.5
2024-09-05 11:47:33,33.3,27.7,28.9,16.9,30.2,22.3,26.4,26.5
2024-09-05 11:47:33,32.6,27.5,28.4,16.9,29.6,22.3,26.4,26.5
2024-09-05 11:47:34,31.8,27.3,28.1,16.9,29.1,22.3,26.4,26.5
2024-09-05 11:47:34,31.2,27.2,27.8,16.9,28.7,22.3,26.4,26.5
2024-09-05 11:47:35,30.7,27.1,27.6,16.9,28.3,22.3,26.4,26.5
2024-09-05 11:47:35,30.1,27.0,27.3,16.9,27.9,22.3,26.4,26.5
2024-09-05 11:47:36,29.7,26.9,27.0,16.9,27.5,22.3,26.4,26.5
2024-09-05 11:47:36,29.2,26.7,26.8,16.9,27.2,22.3,26.4,26.5
2024-09-05 11:47:37,28.6,26.6,26.5,16.8,26.9,22.3,26.4,26.5
2024-09-05 11:47:37,28.2,26.5,26.3,16.9,26.6,22.3,26.4,26.5
2024-09-05 11:47:38,27.8,26.4,26.1,16.8,26.3,22.2,26.4,26.5
2024-09-05 11:47:38,27.4,26.3,25.9,16.8,26.0,22.2,26.4,26.5
