2024-09-05 11:58:23,22.4,24.2,23.1,22.2,22.6,22.2,26.5,26.6
2024-09-05 11:58:24,22.4,24.2,23.1,22.2,22.6,22.3,26.5,26.6
2024-09-05 11:58:24,22.5,24.2,23.1,22.3,22.6,22.3,26.5,26.6
2024-09-05 11:58:24,22.5,24.2,23.1,22.2,22.6,22.3,26.5,26.6
2024-09-05 11:58:24,22.5,24.2,23.1,22.3,22.7,22.4,26.5,26.6
2024-09-05 11:58:25,22.5,24.3,23.1,22.2,22.7,22.4,26.5,26.6
2024-09-05 11:58:25,22.5,24.3,23.1,22.2,22.7,22.3,26.5,26.6
2024-09-05 11:58:25,22.5,24.3,23.1,22.2,22.7,22.4,26.5,26.6
2024-09-05 11:58:25,22.5,24.3,23.1,22.2,22.7,22.4,26.5,26.6
2024-09-05 11:58:26,22.5,24.3,23.1,22.2,22.7,22.4,26.5,26.6
2024-09-05 11:58:26,22.5,24.2,23.0,22.2,22.7,22.3,26.6,26.6
2024-09-05 11:58:26,22.5,24.2,23.0,22.2,22.6,22.3,26.5,26.6
2024-09-05 11:58:26,22.4,24.2,23.0,22.2,22.6,22.3,26.5,26.6
2024-09-05 11:58:27,22.4,24.2,23.0,22.2,22.6,22.3,26.5,26.6
2024-09-05 11:58:27,22.4,24.2,23.0,22.2,22.6,22.3,26.5,26.6
2024-09-05 11:58:27,22.4,24.2,22.9,22.1,22.6,22.2,26.5,26.6
2024-09-05 11:58:27,22.4,24.2,22.9,22.1,22.5,22.2,26.6,26.6
2024-09-05 11:58:28,22.3,24.2,22.9,22.1,22.6,22.2,26.5,26.6
2024-09-05 11:58:28,22.4,24.2,22.9,22.1,22.5,22.1,26.5,26.6
2024-09-05 11:58:28,22.4,24.2,22.9,22.1,22.5,22.1,26.5,26.6
2024-09-05 11:58:28,22.4,24.2,22.9,22.1,22.5,22.1,26.5,26.6
2024-09-05 11:58:29,22.4,24.1,22.9,22.1,22.5,22.1,26.5,26.6
2024-09-05 11:58:29,22.3,24.2,22.9,22.1,22.5,22.1,26.5,26.6
2024-09-05 11:58:29,22.3,24.1,22.9,22.1,22.5,22.1,26.6,26.6
2024-09-05 11:58:29,22.3,24.1,22.9,22.1,22.5,22.1,26.5,26.6
2024-09-05 11:58:30,22.3,24.2,22.9,22.1,22.5,22.1,26.5,26.6
2024-09-05 11:58:30,22.3,24.1,22.9,22.1,22.5,22.1,26.5,26.6
2024-09-05 11:58:30,22.3,24.1,22.9,22.1,22.5,22.1,26.6,26.6
2024-09-05 11:58:30,22.3,24.2,22.9,22.1,22.5,22.1,26.5,26.6
2024-09-05 11:58:31,22.3,24.2,22.9,22.1,22.5,22.1,26.5,26.6
2024-09-05 11:58:31,22.3,24.2,22.9,22.1,22.5,22.1,26.5,26.6
2024-09-05 11:58:31,22.3,24.1,22.9,22.1,22.5,22.1,26.5,26.6
2024-09-05 11:58:31,22.3,24.1,22.9,22.1,22.5,22.1,26.6,26.6
2024-09-05 11:58:32,22.3,24.1,22.9,22.1,22.5,22.1,26.5,26.6
2024-09-05 11:58:32,22.4,24.1,22.9,22.2,22.5,22.1,26.5,26.6
2024-09-05 11:58:32,22.3,24.1,22.9,22.1,22.5,22.1,26.5,26.6
2024-09-05 11:58:32,22.3,24.1,22.9,22.2,22.5,22.1,26.5,26.6
2024-09-05 11:58:33,22.3,24.1,22.9,22.2,22.5,22.1,26.5,26.6
2024-09-05 11:58:33,22.4,24.1,22.9,22.2,22.5,22.1,26.5,26.6
2024-09-05 11:58:33,22.4,24.1,23.0,22.2,22.5,22.1,26.5,26.6
2024-09-05 11:58:33,22.4,24.1,23.0,22.2,22.5,22.1,26.5,26.6
2024-09-05 11:58:34,22.4,24.1,23.0,22.2,22.5,22.2,26.5,26.6
2024-09-05 11:58:34,22.4,24.1,23.0,22.2,22.5,22.2,26.5,26.6
2024-09-05 11:58:34,22.4,24.1,23.0,22.2,22.5,22.2,26.5,26.6
2024-09-05 11:58:34,22.4,24.1,23.0,22.2,22.5,22.2,26.5,26.6
2024-09-05 11:58:35,22.5,24.1,23.0,22.2,22.5,22.2,26.5,26.6
2024-09-05 11:58:35,22.5,24.1,23.0,22.2,22.5,22.2,26.5,26.6
2024-09-05 11:58:35,29.6,24.6,23.0,22.3,28.7,22.2,26.5,26.6
2024-09-05 11:58:35,36.5,32.4,23.0,22.3,43.1,22.4,26.5,26.6
2024-09-05 11:58:36,46.7,37.8,23.0,22.3,65.4,22.4,26.5,26.6
2024-09-05 11:58:36,53.9,45.6,23.2,22.4,109.0,22.5,26.5,26.6
2024-09-05 11:58:36,58.0,55.6,23.2,22.5,146.3,22.6,26.5,26.6
2024-09-05 11:58:36,59.7,68.4,23.3,22.5,205.2,22.6,26.5,26.6
2024-09-05 11:58:37,60.9,89.3,23.4,22.5,249.7,22.5,26.5,26.6
2024-09-05 11:58:37,61.9,103.0,23.5,22.6,292.6,22.5,26.5,26.6
2024-09-05 11:58:37,62.0,117.4,23.6,23.6,347.0,22.6,26.5,26.6
2024-09-05 11:58:37,61.7,117.1,28.5,37.9,366.0,22.6,26.5,26.6
2024-09-05 11:58:38,61.0,112.5,41.7,55.4,367.8,22.6,26.5,26.6
2024-09-05 11:58:38,60.4,109.1,72.7,76.6,348.1,22.5,26.5,26.6
2024-09-05 11:58:38,59.3,105.5,106.8,87.9,326.9,22.5,26.5,26.6
2024-09-05 11:58:38,58.5,99.6,151.0,92.4,305.6,22.5,26.5,26.6
2024-09-05 11:58:39,57.6,95.9,225.2,82.8,278.7,22.5,26.5,26.6
2024-09-05 11:58:39,56.3,91.1,277.3,77.4,263.3,22.5,26.5,26.6
2024-09-05 11:58:39,55.4,88.3,342.0,77.2,249.6,22.5,26.5,26.6
2024-09-05 11:58:39,54.1,85.8,372.5,92.3,231.6,22.5,26.5,26.6
2024-09-05 11:58:40,53.7,82.4,390.6,116.0,221.7,22.5,26.5,26.6
2024-09-05 11:58:40,61.0,80.3,390.8,130.5,212.7,22.5,26.5,26.6
2024-09-05 11:58:40,88.5,78.8,377.0,145.2,206.4,22.5,26.5,26.6
2024-09-05 11:58:40,109.4,79.6,360.2,139.2,216.0,22.5,26.5,26.6
2024-09-05 11:58:41,140.7,80.9,328.2,132.1,225.0,22.5,26.5,26.6
2024-09-05 11:58:41,153.5,82.5,320.8,123.2,234.9,22.5,26.5,26.6
2024-09-05 11:58:41,155.6,83.1,323.4,118.0,238.8,22.5,26.5,26.6
2024-09-05 11:58:41,152.3,81.0,324.2,111.4,226.0,22.5,26.5,26.6
2024-09-05 11:58:42,149.3,80.3,324.0,107.6,224.5,22.5,26.5,26.6
2024-09-05 11:58:42,144.1,79.5,311.1,102.2,224.9,22.5,26.5,26.6
2024-09-05 11:58:42,140.4,78.9,291.9,98.8,225.6,22.5,26.5,26.6
2024-09-05 11:58:42,136.6,78.1,267.1,95.3,225.4,22.5,26.5,26.6
2024-09-05 11:58:43,130.8,75.2,252.9,89.6,219.9,22.5,26.5,26.6
2024-09-05 11:58:43,127.1,73.0,240.0,86.2,203.1,22.4,26.5,26.6
2024-09-05 11:58:43,121.7,71.0,222.7,81.5,193.6,22.4,26.5,26.6
2024-09-05 11:58:43,118.2,68.3,212.3,78.6,185.0,22.5,26.5,26.6
2024-09-05 11:58:44,114.9,66.7,202.8,74.7,173.5,22.4,26.5,26.6
2024-09-05 11:58:44,110.1,64.4,189.7,72.2,166.5,22.4,26.5,26.6
2024-09-05 11:58:44,107.1,63.0,181.8,70.0,159.9,22.4,26.5,26.6
2024-09-05 11:58:44,102.8,61.2,174.5,66.8,150.9,22.4,26.5,26.6
2024-09-05 11:58:45,100.2,60.1,164.9,68.5,145.8,22.4,26.5,26.6
2024-09-05 11:58:45,97.7,59.6,161.1,98.6,141.6,22.5,26.5,26.6
2024-09-05 11:58:45,94.1,60.0,156.3,126.0,136.1,22.4,26.5,26.6
2024-09-05 11:58:45,91.9,60.3,153.2,160.8,132.9,22.5,26.5,26.6
2024-09-05 11:58:46,88.5,60.6,150.1,177.5,129.8,22.5,26.5,26.6
2024-09-05 11:58:46,86.3,60.2,145.5,177.4,124.4,22.5,26.5,26.6
2024-09-05 11:58:46,84.2,59.1,144.4,165.3,120.9,22.4,26.5,26.6
2024-09-05 11:58:46,81.0,57.4,143.9,169.3,116.5,22.4,26.5,26.6
2024-09-05 11:58:47,79.1,56.4,152.7,196.0,113.5,22.5,26.5,26.6
2024-09-05 11:58:47,76.2,55.2,162.2,222.5,110.9,22.5,26.5,26.6
2024-09-05 11:58:47,74.4,54.9,169.3,247.8,110.5,22.5,26.5,26.6
2024-09-05 11:58:47,72.6,54.9,178.4,283.8,112.1,22.5,26.5,26.6
2024-09-05 11:58:48,70.0,54.9,180.6,304.5,113.7,22.5,26.5,26.6
2024-09-05 11:58:48,68.4,54.7,185.6,342.1,115.7,22.5,26.5,26.6
2024-09-05 11:58:48,66.0,54.3,190.8,371.6,115.1,22.5,26.5,26.6
2024-09-05 11:58:48,64.5,53.7,197.2,397.5,112.1,22.5,26.5,26.6
2024-09-05 11:58:49,63.1,52.9,202.3,406.4,107.2,22.5,26.5,26.6
2024-09-05 11:58:49,61.1,52.8,203.9,415.4,104.4,22.5,26.5,26.6
2024-09-05 11:58:49,59.9,52.6,198.8,412.4,100.5,22.6,26.5,26.6
2024-09-05 11:58:49,58.1,52.2,195.6,408.7,98.1,22.8,26.5,26.6
2024-09-05 11:58:50,57.0,51.9,191.1,401.1,95.9,22.9,26.5,26.6
2024-09-05 11:58:50,55.9,51.3,181.0,383.7,92.7,23.0,26.5,26.6
2024-09-05 11:58:50,54.4,50.8,183.8,351.7,90.6,23.1,26.5,26.6
2024-09-05 11:58:50,53.4,50.2,213.7,333.3,88.5,23.1,26.5,26.6
2024-09-05 11:58:51,51.9,49.2,249.2,314.5,85.3,23.0,26.5,26.6
2024-09-05 11:58:51,51.1,48.6,288.6,307.8,83.1,23.1,26.5,26.6
2024-09-05 11:58:51,50.2,47.5,341.2,305.4,81.0,23.0,26.5,26.6
2024-09-05 11:58:51,48.9,46.9,370.3,303.6,77.9,23.0,26.5,26.6
2024-09-05 11:58:52,48.1,46.0,391.9,300.6,76.0,22.9,26.5,26.6
2024-09-05 11:58:52,46.9,45.4,411.9,287.3,74.1,22.9,26.5,26.6
2024-09-05 11:58:52,46.2,44.8,424.3,273.9,71.4,22.9,26.5,26.6
2024-09-05 11:58:52,45.4,44.1,444.5,256.4,69.6,22.8,26.5,26.6
2024-09-05 11:58:53,44.3,43.6,461.8,244.4,68.0,22.8,26.5,26.6
2024-09-05 11:58:53,43.7,43.1,482.5,233.3,65.5,22.7,26.5,26.6
2024-09-05 11:58:53,42.6,42.3,508.5,219.9,64.0,22.7,26.5,26.6
2024-09-05 11:58:53,42.0,41.9,547.0,210.7,62.4,22.7,26.5,26.6
2024-09-05 11:58:54,41.4,41.1,569.6,198.2,60.3,22.7,26.5,26.6
2024-09-05 11:58:54,40.5,40.7,603.5,190.6,58.9,22.7,26.5,26.6
2024-09-05 11:58:54,39.9,40.3,628.1,180.0,57.6,22.6,26.5,26.6
2024-09-05 11:58:54,39.2,39.7,651.4,174.9,55.9,22.6,26.5,26.6
2024-09-05 11:58:55,38.7,39.4,679.4,170.2,54.9,22.6,26.5,26.6
2024-09-05 11:58:55,38.3,38.9,694.6,163.3,53.9,22.6,26.5,26.6
2024-09-05 11:58:55,37.6,38.6,706.4,158.5,52.6,22.6,26.5,26.6
2024-09-05 11:58:55,37.2,38.2,720.7,149.2,51.7,22.6,26.5,26.6
2024-09-05 11:58:56,36.7,37.9,722.0,143.2,50.9,22.6,26.5,26.6
2024-09-05 11:58:56,36.4,37.7,701.4,134.9,49.6,22.6,26.5,26.6
2024-09-05 11:58:56,36.0,37.3,675.4,129.9,48.8,22.6,26.5,26.6
2024-09-05 11:58:56,35.6,37.0,640.1,125.1,47.6,22.6,26.5,26.6
2024-09-05 11:58:57,35.2,36.6,580.8,118.6,46.9,22.5,26.5,26.6
2024-09-05 11:58:57,34.9,36.3,545.9,114.5,46.1,22.6,26.5,26.6
2024-09-05 11:58:57,34.5,36.1,514.6,108.7,45.1,22.6,26.5,26.6
2024-09-05 11:58:57,35.5,35.8,472.5,105.0,44.4,22.5,26.5,26.6
2024-09-05 11:58:58,48.2,35.5,447.3,99.7,43.7,22.6,26.5,26.6
2024-09-05 11:58:58,66.7,35.2,413.4,96.5,42.8,22.6,26.5,26.6
2024-09-05 11:58:58,114.6,35.1,392.9,92.0,42.2,22.5,26.5,26.6
2024-09-05 11:58:58,157.2,34.8,373.9,89.2,41.7,22.5,26.5,26.6
2024-09-05 11:58:59,198.7,34.6,347.7,86.5,41.0,22.6,26.5,26.6
2024-09-05 11:58:59,252.1,34.5,331.7,82.7,40.6,22.5,26.5,26.6
2024-09-05 11:58:59,274.8,34.2,309.5,80.3,39.9,22.6,26.5,26.6
2024-09-05 11:58:59,294.8,34.0,295.8,76.8,39.4,22.5,26.5,26.6
2024-09-05 11:59:00,306.3,33.8,282.9,74.7,39.0,22.5,26.5,26.6
2024-09-05 11:59:00,318.1,33.6,265.0,72.6,38.5,22.5,26.5,26.6
2024-09-05 11:59:00,343.1,33.4,253.8,69.7,37.9,22.5,26.5,26.6
2024-09-05 11:59:00,364.1,33.2,243.3,67.8,37.5,22.5,26.5,26.6
2024-09-05 11:59:01,386.9,33.1,228.4,65.3,37.1,22.5,26.5,26.6
2024-09-05 11:59:01,421.2,33.0,219.1,63.6,36.6,22.5,26.5,26.6
2024-09-05 11:59:01,442.6,32.9,210.3,61.3,36.3,22.5,26.5,26.6
2024-09-05 11:59:01,470.8,32.7,198.0,59.9,36.0,22.5,26.5,26.6
2024-09-05 11:59:02,487.9,32.5,190.3,58.5,35.5,22.5,26.5,26.6
2024-09-05 11:59:02,502.7,32.4,179.9,56.6,35.2,22.5,26.5,26.6
2024-09-05 11:59:02,523.0,32.2,173.4,55.3,34.8,22.5,26.5,26.6
2024-09-05 11:59:02,536.1,32.1,167.4,53.7,34.6,22.5,26.5,26.6
2024-09-05 11:59:03,558.6,32.0,159.0,52.6,34.7,22.5,26.5,26.6
2024-09-05 11:59:03,575.7,31.9,153.8,51.2,35.7,22.5,26.5,26.6
2024-09-05 11:59:03,593.6,31.8,148.9,50.3,36.1,22.6,26.5,26.6
2024-09-05 11:59:03,619.7,31.7,142.3,49.4,36.4,22.6,26.5,26.6
2024-09-05 11:59:04,635.0,31.7,138.1,48.3,36.6,22.6,26.5,26.6
2024-09-05 11:59:04,655.7,31.6,132.3,47.5,36.0,22.6,26.5,26.6
2024-09-05 11:59:04,670.4,31.5,128.7,46.5,35.6,22.6,26.5,26.6
2024-09-05 11:59:04,685.9,31.5,125.2,45.9,36.9,22.7,26.5,26.6
2024-09-05 11:59:05,707.4,31.4,120.4,44.9,40.5,22.7,26.5,26.6
2024-09-05 11:59:05,720.1,31.4,117.3,44.4,48.4,22.7,26.5,26.6
2024-09-05 11:59:05,734.8,31.3,112.8,43.6,52.2,22.7,26.5,26.6
2024-09-05 11:59:05,743.0,31.3,109.9,43.0,54.8,22.7,26.5,26.6
2024-09-05 11:59:06,757.6,31.3,106.9,42.5,53.9,22.7,26.5,26.6
2024-09-05 11:59:06,768.7,31.1,102.6,41.7,50.5,22.8,26.5,26.6
2024-09-05 11:59:06,780.3,31.1,99.8,41.1,48.0,22.8,26.5,26.6
2024-09-05 11:59:06,789.5,30.9,97.1,40.4,45.4,22.8,26.5,26.6
2024-09-05 11:59:07,785.3,30.9,93.4,39.9,44.1,22.8,26.5,26.5
2024-09-05 11:59:07,767.4,30.8,91.0,39.2,43.0,22.8,26.5,26.6
2024-09-05 11:59:07,750.3,30.7,87.7,38.8,41.6,22.8,26.5,26.5
2024-09-05 11:59:07,731.0,30.6,85.5,38.1,40.8,22.8,26.5,26.6
2024-09-05 11:59:08,709.7,30.5,83.4,37.7,40.1,22.8,26.5,26.6
2024-09-05 11:59:08,702.6,30.4,80.3,37.3,39.1,22.8,26.5,26.6
2024-09-05 11:59:08,700.4,30.4,78.4,36.7,38.7,22.8,26.5,26.6
2024-09-05 11:59:08,706.6,30.3,76.5,36.4,38.9,22.8,26.5,26.5
2024-09-05 11:59:09,716.6,30.2,73.8,35.9,44.8,22.8,26.5,26.6
2024-09-05 11:59:09,735.4,30.1,72.1,35.5,49.3,22.8,26.5,26.5
2024-09-05 11:59:09,748.1,30.1,69.7,35.1,52.9,22.8,26.5,26.6
2024-09-05 11:59:09,757.4,30.1,68.2,34.8,56.3,22.8,26.5,26.5
2024-09-05 11:59:10,757.1,30.1,66.8,34.5,54.9,22.8,26.5,26.6
2024-09-05 11:59:10,754.8,30.0,64.8,34.0,51.8,22.9,26.5,26.5
2024-09-05 11:59:10,749.7,29.9,63.5,33.8,48.2,22.8,26.5,26.5
2024-09-05 11:59:10,749.7,29.9,62.3,33.4,46.5,22.8,26.5,26.5
2024-09-05 11:59:11,759.8,29.8,60.5,33.1,45.8,22.8,26.5,26.6
2024-09-05 11:59:11,768.5,29.9,59.4,32.7,46.0,22.8,26.5,26.5
2024-09-05 11:59:11,777.7,29.9,57.8,32.5,46.1,22.8,26.5,26.5
2024-09-05 11:59:11,792.9,29.9,56.8,32.3,46.3,22.8,26.5,26.5
2024-09-05 11:59:12,803.9,29.9,55.8,32.0,45.9,22.9,26.5,26.6
2024-09-05 11:59:12,820.4,29.9,54.4,31.8,44.6,22.8,26.5,26.6
2024-09-05 11:59:12,829.1,29.8,53.5,31.5,43.0,22.8,26.5,26.6
2024-09-05 11:59:12,831.5,29.7,52.6,31.3,42.1,22.8,26.5,26.5
2024-09-05 11:59:13,828.3,29.7,51.4,31.1,41.3,22.9,26.5,26.5
2024-09-05 11:59:13,823.9,29.6,50.6,30.8,40.1,22.8,26.5,26.6
2024-09-05 11:59:13,819.0,29.6,49.8,30.6,39.5,22.8,26.5,26.5
2024-09-05 11:59:13,818.7,29.5,48.7,30.4,39.1,22.8,26.5,26.5
2024-09-05 11:59:14,822.5,29.5,47.9,30.2,38.5,22.8,26.5,26.6
2024-09-05 11:59:14,829.0,29.5,47.0,30.1,38.2,22.8,26.5,26.6
2024-09-05 11:59:14,833.7,29.4,46.3,29.9,37.9,22.9,26.5,26.6
2024-09-05 11:59:14,838.1,29.4,45.7,29.7,37.3,22.9,26.5,26.6
2024-09-05 11:59:15,843.5,29.5,44.8,29.5,37.1,22.9,26.5,26.6
2024-09-05 11:59:15,846.4,29.4,44.3,29.4,36.9,22.9,26.5,26.5
2024-09-05 11:59:15,851.5,29.5,43.7,29.3,37.5,22.9,26.5,26.6
2024-09-05 11:59:15,855.5,29.4,43.0,29.2,38.2,22.9,26.5,26.6
2024-09-05 11:59:16,859.2,29.5,42.5,29.0,39.2,22.9,26.5,26.5
2024-09-05 11:59:16,865.7,29.5,41.8,28.9,41.4,22.9,26.5,26.6
2024-09-05 11:59:16,870.2,29.5,41.4,28.8,42.2,22.9,26.5,26.5
2024-09-05 11:59:16,875.3,29.5,40.9,28.6,42.6,22.9,26.5,26.6
2024-09-05 11:59:17,878.4,29.5,40.3,28.5,42.3,22.9,26.5,26.6
2024-09-05 11:59:17,881.3,29.4,39.8,28.4,41.3,22.9,26.5,26.5
2024-09-05 11:59:17,886.3,29.4,39.5,28.3,40.1,22.9,26.5,26.5
2024-09-05 11:59:17,888.9,29.3,38.8,28.2,39.2,22.9,26.5,26.5
2024-09-05 11:59:18,892.5,29.3,38.5,28.1,38.5,22.9,26.5,26.5
2024-09-05 11:59:18,893.8,29.2,37.9,28.0,37.7,22.9,26.5,26.5
2024-09-05 11:59:18,893.1,29.1,37.5,27.9,37.2,22.9,26.5,26.5
2024-09-05 11:59:18,890.3,29.1,37.1,27.7,36.7,22.9,26.5,26.6
2024-09-05 11:59:19,887.6,29.1,36.6,27.6,36.1,22.9,26.5,26.5
2024-09-05 11:59:19,883.2,29.0,36.2,27.5,35.7,22.9,26.5,26.5
2024-09-05 11:59:19,880.4,29.0,35.9,27.3,35.5,22.9,26.5,26.5
2024-09-05 11:59:19,878.3,28.9,35.5,27.3,36.3,22.8,26.5,26.5
2024-09-05 11:59:20,877.0,28.9,35.2,27.2,36.9,22.8,26.5,26.5
2024-09-05 11:59:20,876.1,28.9,35.0,27.1,37.4,22.9,26.5,26.5
2024-09-05 11:59:20,877.4,28.9,34.6,27.1,38.6,22.9,26.5,26.6
2024-09-05 11:59:20,880.2,29.2,34.3,27.0,40.0,22.9,26.5,26.5
2024-09-05 11:59:21,884.2,30.0,34.0,26.9,42.0,22.8,26.5,26.5
2024-09-05 11:59:21,892.8,30.7,33.8,26.9,50.6,22.9,26.5,26.6
2024-09-05 11:59:21,897.8,31.8,33.5,26.8,55.6,22.9,26.5,26.6
2024-09-05 11:59:21,898.1,32.3,33.2,26.7,58.7,22.9,26.5,26.6
2024-09-05 11:59:22,889.7,32.4,33.0,26.6,60.4,22.8,26.5,26.6
2024-09-05 11:59:22,872.2,32.1,32.8,26.6,57.5,22.8,26.5,26.6
2024-09-05 11:59:22,828.4,31.8,32.4,26.4,52.2,22.8,26.5,26.5
2024-09-05 11:59:22,790.8,31.3,32.2,26.3,49.7,22.8,26.5,26.6
2024-09-05 11:59:23,733.0,31.2,31.8,26.2,47.6,22.8,26.5,26.5
2024-09-05 11:59:23,697.4,31.1,31.6,26.1,45.2,22.8,26.5,26.6
2024-09-05 11:59:23,666.0,31.0,31.4,26.0,43.9,22.8,26.5,26.6
2024-09-05 11:59:23,625.2,31.0,31.2,26.0,42.8,22.9,26.5,26.6
2024-09-05 11:59:24,600.5,30.9,31.1,25.9,41.4,22.9,26.5,26.6
2024-09-05 11:59:24,565.3,30.7,30.9,25.8,40.5,22.9,26.5,26.6
2024-09-05 11:59:24,542.6,30.6,30.7,25.8,39.7,22.9,26.5,26.6
2024-09-05 11:59:24,516.2,30.3,30.6,25.7,38.5,22.9,26.5,26.5
2024-09-05 11:59:25,479.9,30.2,30.4,25.6,37.9,22.9,26.5,26.6
2024-09-05 11:59:25,457.9,29.9,30.3,25.6,37.2,22.9,26.5,26.6
2024-09-05 11:59:25,418.7,29.8,30.2,25.5,36.4,22.9,26.5,26.6
2024-09-05 11:59:25,392.8,29.7,30.1,25.5,35.9,23.0,26.5,26.5
2024-09-05 11:59:26,369.1,29.5,30.1,25.4,35.4,22.9,26.5,26.6
2024-09-05 11:59:26,325.5,29.4,30.0,25.4,34.7,22.9,26.5,26.6
2024-09-05 11:59:26,300.0,29.2,29.9,25.4,34.3,22.9,26.5,26.5
2024-09-05 11:59:26,280.1,29.1,29.9,25.3,33.8,22.9,26.5,26.6
2024-09-05 11:59:27,267.6,29.0,29.8,25.2,33.4,22.9,26.5,26.6
2024-09-05 11:59:27,261.3,29.0,29.8,25.2,33.1,22.9,26.5,26.6
2024-09-05 11:59:27,257.6,28.9,29.7,25.2,32.7,23.0,26.5,26.5
2024-09-05 11:59:27,254.0,28.9,29.7,25.1,32.5,22.9,26.5,26.6
2024-09-05 11:59:28,247.7,28.9,29.6,25.1,32.2,23.0,26.5,26.6
2024-09-05 11:59:28,242.9,28.8,29.5,25.1,31.8,23.0,26.5,26.6
2024-09-05 11:59:28,237.8,28.7,29.4,25.0,31.5,23.0,26.5,26.6
2024-09-05 11:59:28,229.9,28.7,29.3,24.9,31.2,23.0,26.5,26.6
2024-09-05 11:59:29,224.6,28.5,29.2,24.9,30.8,23.0,26.5,26.6
2024-09-05 11:59:29,216.8,28.5,29.2,24.8,30.6,23.0,26.5,26.6
2024-09-05 11:59:29,211.7,28.4,29.1,24.8,30.3,23.0,26.5,26.6
2024-09-05 11:59:29,204.1,28.4,29.0,24.8,30.0,23.0,26.5,26.6
2024-09-05 11:59:30,199.4,28.3,29.0,24.7,29.8,23.0,26.5,26.6
2024-09-05 11:59:30,194.8,28.2,28.9,24.7,29.5,23.0,26.5,26.6
2024-09-05 11:59:30,188.4,28.1,28.9,24.6,29.3,23.0,26.5,26.6
2024-09-05 11:59:30,184.3,28.1,28.8,24.6,29.1,23.0,26.5,26.6
2024-09-05 11:59:31,178.3,28.0,28.7,24.5,28.8,23.1,26.5,26.6
2024-09-05 11:59:31,174.2,27.9,28.6,24.5,28.7,23.0,26.5,26.6
2024-09-05 11:59:31,170.2,27.8,28.5,24.5,28.5,23.0,26.5,26.6
2024-09-05 11:59:31,164.1,27.8,28.3,24.4,28.2,23.0,26.5,26.6
2024-09-05 11:59:32,160.0,27.7,28.2,24.3,28.0,22.9,26.5,26.5
2024-09-05 11:59:32,153.9,27.6,28.0,24.4,27.8,22.9,26.5,26.6
2024-09-05 11:59:32,149.9,27.5,29.8,29.0,27.6,22.9,26.5,26.6
2024-09-05 11:59:32,146.2,27.5,32.7,35.2,27.6,22.8,26.5,26.6
2024-09-05 11:59:33,142.1,27.9,37.3,43.9,29.0,22.8,26.5,26.6
2024-09-05 11:59:33,140.1,29.4,44.3,50.8,32.6,22.8,26.5,26.5
2024-09-05 11:59:33,137.3,30.5,54.1,58.2,35.8,22.8,26.5,26.5
2024-09-05 11:59:33,136.5,32.8,64.2,61.1,43.0,23.0,26.5,26.5
2024-09-05 11:59:34,136.7,36.2,69.9,65.2,59.8,23.6,26.5,26.5
2024-09-05 11:59:34,138.3,42.2,73.7,66.8,72.7,24.7,26.5,26.5
2024-09-05 11:59:34,140.6,46.3,74.1,71.0,86.2,26.0,26.5,26.5
2024-09-05 11:59:34,143.1,49.7,83.3,74.0,99.6,27.6,26.5,26.5
2024-09-05 11:59:35,146.6,52.5,106.6,76.0,109.6,28.1,26.5,26.6
2024-09-05 11:59:35,154.9,52.5,120.8,78.7,119.0,28.6,26.5,26.6
2024-09-05 11:59:35,164.9,51.8,132.6,76.9,122.7,28.4,26.5,26.6
2024-09-05 11:59:35,170.8,51.3,137.0,75.0,126.0,28.2,26.5,26.6
2024-09-05 11:59:36,175.6,50.4,130.0,72.1,126.5,27.9,26.5,26.5
2024-09-05 11:59:36,170.1,48.5,124.1,70.1,117.0,27.7,26.5,26.5
2024-09-05 11:59:36,164.9,47.3,116.2,67.1,111.5,27.3,26.5,26.6
2024-09-05 11:59:36,157.3,46.3,111.3,65.1,106.5,27.1,26.5,26.6
2024-09-05 11:59:37,152.4,44.8,104.6,62.3,99.8,26.8,26.5,26.6
2024-09-05 11:59:37,147.8,43.9,100.5,60.5,95.7,26.5,26.5,26.6
2024-09-05 11:59:37,141.2,42.7,96.7,58.8,90.2,26.3,26.5,26.5
2024-09-05 11:59:37,137.1,42.0,91.6,56.4,86.9,26.0,26.5,26.6
2024-09-05 11:59:38,131.1,41.3,88.4,54.9,83.8,25.8,26.5,26.6
2024-09-05 11:59:38,127.4,40.5,85.4,52.8,79.5,25.6,26.5,26.5
2024-09-05 11:59:38,123.8,39.9,81.2,51.5,76.9,25.5,26.5,26.6
2024-09-05 11:59:38,118.7,39.1,78.6,49.6,74.4,25.3,26.5,26.6
2024-09-05 11:59:39,115.5,38.7,74.9,48.5,70.9,25.0,26.5,26.6
2024-09-05 11:59:39,111.2,38.1,72.7,47.4,68.8,24.9,26.5,26.6
2024-09-05 11:59:39,108.6,37.7,70.6,46.0,66.9,24.7,26.5,26.5
2024-09-05 11:59:39,106.1,37.4,67.9,45.1,64.3,24.6,26.5,26.6
2024-09-05 11:59:40,102.7,36.9,66.3,44.0,62.8,24.5,26.5,26.6
2024-09-05 11:59:40,100.7,36.7,64.8,43.2,61.3,24.4,26.5,26.6
2024-09-05 11:59:40,97.7,36.3,62.7,42.2,59.3,24.3,26.5,26.5
2024-09-05 11:59:40,95.8,36.0,61.3,41.5,58.0,24.3,26.5,26.5
2024-09-05 11:59:41,93.9,35.7,59.2,40.4,56.1,24.2,26.5,26.5
2024-09-05 11:59:41,91.1,35.3,57.9,39.8,54.8,24.1,26.5,26.6
2024-09-05 11:59:41,89.2,35.0,56.6,39.1,53.5,24.0,26.5,26.5
2024-09-05 11:59:41,86.4,34.6,54.6,38.2,52.3,23.9,26.5,26.6
2024-09-05 11:59:42,84.6,34.3,53.3,37.5,50.6,23.8,26.5,26.6
2024-09-05 11:59:42,82.8,34.0,52.1,36.7,49.4,23.7,26.5,26.6
2024-09-05 11:59:42,80.1,33.7,50.4,36.1,47.8,23.7,26.5,26.6
2024-09-05 11:59:42,78.4,33.4,49.3,35.3,46.8,23.6,26.5,26.6
2024-09-05 11:59:43,75.9,33.0,47.7,34.9,45.8,23.5,26.5,26.6
2024-09-05 11:59:43,74.2,32.7,46.7,34.4,44.4,23.4,26.5,26.6
2024-09-05 11:59:43,72.6,32.5,45.8,33.7,43.5,23.4,26.5,26.6
2024-09-05 11:59:43,70.3,32.1,44.4,33.2,42.7,23.3,26.5,26.6
2024-09-05 11:59:44,68.9,31.9,43.6,32.6,41.5,23.2,26.5,26.6
2024-09-05 11:59:44,66.8,31.5,42.8,32.3,40.7,23.2,26.5,26.6
2024-09-05 11:59:44,65.4,31.3,41.6,31.7,40.0,23.1,26.5,26.6
2024-09-05 11:59:44,64.2,31.1,40.9,31.3,39.0,23.0,26.5,26.6
2024-09-05 11:59:45,62.4,30.9,39.9,31.0,38.4,23.0,26.5,26.6
2024-09-05 11:59:45,61.2,30.8,39.3,30.6,37.8,22.9,26.5,26.6
2024-09-05 11:59:45,59.5,30.6,38.7,30.3,37.0,22.9,26.5,26.6
2024-09-05 11:59:45,58.5,30.5,37.9,29.9,36.4,22.8,26.5,26.6
2024-09-05 11:59:46,57.4,30.2,37.3,29.6,35.9,22.8,26.5,26.6
2024-09-05 11:59:46,55.9,30.1,36.5,29.3,35.2,22.8,26.5,26.6
2024-09-05 11:59:46,55.0,29.9,36.1,29.1,34.7,22.8,26.5,26.6
2024-09-05 11:59:46,53.6,29.8,35.6,28.7,34.1,22.7,26.5,26.6
2024-09-05 11:59:47,52.8,29.6,35.0,28.5,33.7,22.7,26.5,26.6
2024-09-05 11:59:47,51.5,29.4,34.6,28.3,33.3,22.7,26.5,26.6
2024-09-05 11:59:47,50.7,29.3,34.2,28.1,32.8,22.7,26.5,26.6
2024-09-05 11:59:47,50.0,29.2,33.7,27.9,32.4,22.6,26.5,26.6
2024-09-05 11:59:48,48.9,29.1,33.3,27.6,32.1,22.6,26.5,26.6
2024-09-05 11:59:48,48.2,29.0,33.0,27.5,31.6,22.6,26.5,26.6
2024-09-05 11:59:48,47.5,28.8,32.5,27.3,31.3,22.6,26.5,26.6
2024-09-05 11:59:48,46.5,28.7,32.2,27.1,31.0,22.5,26.5,26.6
2024-09-05 11:59:49,45.9,28.6,31.9,27.0,30.6,22.6,26.5,26.6
2024-09-05 11:59:49,45.0,28.5,31.6,26.8,30.3,22.5,26.5,26.6
2024-09-05 11:59:49,44.5,28.5,31.3,26.6,30.1,22.5,26.5,26.6
2024-09-05 11:59:49,43.9,28.4,31.0,26.5,29.8,22.4,26.5,26.6
2024-09-05 11:59:50,43.2,28.3,30.7,26.4,29.5,22.4,26.5,26.6
2024-09-05 11:59:50,42.7,28.2,30.5,26.3,29.3,22.4,26.5,26.6
2024-09-05 11:59:50,41.9,28.1,30.2,26.1,29.0,22.4,26.5,26.6
2024-09-05 11:59:50,41.4,28.0,30.0,26.0,28.8,22.3,26.5,26.6
2024-09-05 11:59:51,40.9,27.8,29.8,25.8,28.6,22.3,26.5,26.6
2024-09-05 11:59:51,40.3,27.8,29.6,25.7,28.3,22.3,26.5,26.6
2024-09-05 11:59:51,39.9,27.7,29.4,25.6,28.2,22.3,26.5,26.6
2024-09-05 11:59:51,39.3,27.6,29.2,25.6,28.0,22.3,26.5,26.6
2024-09-05 11:59:52,39.0,27.6,29.1,25.5,27.8,22.2,26.5,26.6
2024-09-05 11:59:52,38.7,27.5,29.0,25.4,27.7,22.2,26.5,26.6
2024-09-05 11:59:52,38.1,27.4,28.8,25.3,27.5,22.2,26.5,26.6
2024-09-05 11:59:52,37.8,27.4,28.7,25.3,27.4,22.2,26.5,26.6
2024-09-05 11:59:53,37.3,27.3,28.5,25.2,27.2,22.2,26.5,26.6
2024-09-05 11:59:53,37.0,27.2,28.4,25.1,27.1,22.2,26.5,26.6
2024-09-05 11:59:53,36.7,27.1,28.3,25.1,27.0,22.2,26.5,26.6
2024-09-05 11:59:53,36.2,27.1,28.1,25.0,26.9,22.2,26.5,26.6
2024-09-05 11:59:54,36.0,27.0,28.0,24.9,26.7,22.2,26.5,26.6
2024-09-05 11:59:54,35.6,27.0,27.8,24.9,26.6,22.2,26.5,26.6
2024-09-05 11:59:54,35.3,27.0,27.7,24.8,26.5,22.2,26.5,26.6
2024-09-05 11:59:54,35.1,26.9,27.7,24.8,26.4,22.2,26.5,26.6
2024-09-05 11:59:55,34.8,26.9,27.6,24.8,26.4,22.2,26.5,26.6
2024-09-05 11:59:55,34.6,26.8,27.5,24.7,26.3,22.2,26.5,26.6
2024-09-05 11:59:55,34.3,26.8,27.5,24.7,26.2,22.2,26.5,26.6
2024-09-05 11:59:55,34.1,26.8,27.4,24.7,26.1,22.2,26.5,26.6
2024-09-05 11:59:56,34.0,26.8,27.3,24.6,26.1,22.2,26.5,26.6
2024-09-05 11:59:56,33.7,26.7,27.2,24.6,26.0,22.2,26.5,26.6
2024-09-05 11:59:56,33.6,26.7,27.2,24.6,26.0,22.2,26.5,26.6
2024-09-05 11:59:56,33.4,26.7,27.1,24.5,25.9,22.2,26.5,26.6
2024-09-05 11:59:57,33.2,26.7,27.1,24.5,25.9,22.2,26.5,26.6
2024-09-05 11:59:57,33.0,26.6,27.0,24.5,25.8,22.2,26.5,26.6
2024-09-05 11:59:57,32.7,26.6,26.9,24.4,25.7,22.2,26.5,26.6
2024-09-05 11:59:57,32.5,26.5,26.8,24.4,25.6,22.2,26.5,26.6
2024-09-05 11:59:58,32.3,26.5,26.7,24.3,25.6,22.2,26.5,26.6
2024-09-05 11:59:58,32.1,26.5,26.7,24.3,25.4,22.2,26.5,26.6
2024-09-05 11:59:58,31.9,26.4,26.6,24.2,25.4,22.2,26.5,26.6
2024-09-05 11:59:58,31.6,26.4,26.5,24.2,25.3,22.2,26.5,26.6
2024-09-05 11:59:59,31.4,26.4,26.4,24.1,25.3,22.2,26.5,26.6
2024-09-05 11:59:59,31.1,26.3,26.3,24.1,25.2,22.2,26.5,26.6
2024-09-05 11:59:59,30.9,26.3,26.3,24.1,25.1,22.2,26.5,26.6
2024-09-05 11:59:59,30.7,26.3,26.2,24.0,25.0,22.2,26.5,26.6
2024-09-05 12:00:00,30.4,26.3,26.1,24.0,25.0,22.2,26.5,26.6
2024-09-05 12:00:00,30.3,26.3,26.0,23.9,24.9,22.2,26.5,26.6
2024-09-05 12:00:00,30.0,26.3,25.9,23.9,24.9,22.2,26.5,26.5
2024-09-05 12:00:00,29.9,26.3,25.9,23.8,24.8,22.2,26.5,26.6
2024-09-05 12:00:01,29.7,26.3,25.8,23.8,24.7,22.2,26.5,26.5
2024-09-05 12:00:01,29.4,26.2,25.7,23.8,24.7,22.1,26.5,26.5
2024-09-05 12:00:01,29.3,26.2,25.7,23.7,24.6,22.2,26.5,26.6
2024-09-05 12:00:01,29.1,26.2,25.6,23.7,24.6,22.2,26.5,26.6
2024-09-05 12:00:02,28.9,26.2,25.6,23.7,24.6,22.2,26.5,26.6
2024-09-05 12:00:02,28.7,26.2,25.5,23.6,24.5,22.1,26.5,26.6
2024-09-05 12:00:02,28.5,26.1,25.4,23.6,24.5,22.2,26.5,26.6
2024-09-05 12:00:02,28.4,26.1,25.4,23.5,24.4,22.1,26.5,26.6
2024-09-05 12:00:03,28.2,26.2,25.3,23.5,24.3,22.1,26.5,26.6
2024-09-05 12:00:03,28.0,26.1,25.2,23.5,24.3,22.1,26.5,26.6
2024-09-05 12:00:03,27.9,26.1,25.2,23.4,24.3,22.1,26.5,26.6
2024-09-05 12:00:03,27.7,26.1,25.2,23.4,24.2,22.1,26.5,26.5
2024-09-05 12:00:04,27.6,26.1,25.1,23.4,24.2,22.0,26.5,26.6
2024-09-05 12:00:04,27.5,26.1,25.0,23.4,24.1,22.1,26.5,26.6
2024-09-05 12:00:04,27.3,26.0,25.0,23.3,24.1,22.0,26.5,26.6
2024-09-05 12:00:04,27.2,26.0,24.9,23.3,24.1,22.0,26.5,26.6
2024-09-05 12:00:05,27.1,26.0,24.9,23.3,24.1,22.0,26.5,26.6
2024-09-05 12:00:05,27.0,26.0,24.8,23.3,24.0,22.0,26.5,26.6
2024-09-05 12:00:05,26.9,26.0,24.8,23.2,24.0,22.0,26.5,26.6
2024-09-05 12:00:05,26.7,26.0,24.8,23.2,24.0,22.0,26.5,26.6
2024-09-05 12:00:06,26.7,26.0,24.8,23.2,24.0,22.0,26.5,26.5
2024-09-05 12:00:06,26.6,26.0,24.7,23.2,24.0,22.0,26.5,26.6
2024-09-05 12:00:06,26.5,26.0,24.7,23.1,24.0,22.1,26.5,26.6
2024-09-05 12:00:06,26.4,26.0,24.6,23.1,23.9,22.1,26.5,26.6
2024-09-05 12:00:07,26.3,26.0,24.6,23.1,23.9,22.1,26.5,26.6
2024-09-05 12:00:07,26.2,26.0,24.6,23.1,23.9,22.1,26.5,26.6
2024-09-05 12:00:07,26.1,25.9,24.5,23.1,23.9,22.1,26.5,26.6
2024-09-05 12:00:07,26.1,25.9,24.5,23.1,23.9,22.1,26.5,26.6
2024-09-05 12:00:08,26.0,25.9,24.5,23.1,23.9,22.1,26.5,26.6
2024-09-05 12:00:08,25.9,25.9,24.5,23.1,23.8,22.1,26.5,26.6
2024-09-05 12:00:08,25.8,25.8,24.4,23.0,23.8,22.1,26.5,26.6
2024-09-05 12:00:08,25.8,25.8,24.4,23.1,23.8,22.1,26.5,26.6
2024-09-05 12:00:09,25.7,25.8,24.4,23.0,23.8,22.1,26.5,26.6
2024-09-05 12:00:09,25.6,25.7,24.4,23.0,23.8,22.1,26.5,26.5
2024-09-05 12:00:09,25.6,25.7,24.4,23.1,23.8,22.2,26.5,26.6
2024-09-05 12:00:09,25.5,25.7,24.4,23.0,23.8,22.2,26.5,26.6
2024-09-05 12:00:10,25.5,25.7,24.4,23.1,23.8,22.2,26.5,26.6
2024-09-05 12:00:10,25.4,25.7,24.4,23.1,23.8,22.2,26.5,26.6
2024-09-05 12:00:10,25.4,25.7,24.4,23.1,23.8,22.2,26.5,26.6
2024-09-05 12:00:10,25.3,25.7,24.4,23.1,23.8,22.2,26.5,26.5
2024-09-05 12:00:11,25.3,25.7,24.4,23.1,23.8,22.2,26.5,26.5
