2024-09-05 12:06:05,22.5,23.4,22.8,22.2,22.1,21.9,26.5,26.6
2024-09-05 12:06:05,22.5,23.4,22.9,22.2,22.1,21.9,26.5,26.6
2024-09-05 12:06:05,22.5,23.4,22.9,22.2,22.1,21.9,26.5,26.6
2024-09-05 12:06:05,22.5,23.4,22.8,22.2,22.1,21.9,26.5,26.6
2024-09-05 12:06:05,22.5,23.3,22.9,22.2,22.1,21.9,26.5,26.6
2024-09-05 12:06:05,22.5,23.3,22.8,22.2,22.1,21.9,26.5,26.6
2024-09-05 12:06:06,22.5,23.3,22.8,22.2,22.1,21.9,26.5,26.6
2024-09-05 12:06:06,22.5,23.3,22.8,22.2,22.1,21.9,26.5,26.6
2024-09-05 12:06:06,22.4,23.3,22.8,22.2,22.1,21.9,26.5,26.6
2024-09-05 12:06:06,22.4,23.3,22.8,22.1,22.1,21.9,26.5,26.6
2024-09-05 12:06:06,22.4,23.3,22.8,22.1,22.1,21.9,26.5,26.6
2024-09-05 12:06:06,22.4,23.4,22.8,22.1,22.1,21.9,26.5,26.6
2024-09-05 12:06:06,22.4,23.3,22.8,22.1,22.1,21.9,26.5,26.6
2024-09-05 12:06:06,22.4,23.3,22.8,22.1,22.1,21.9,26.5,26.6
2024-09-05 12:06:06,22.4,23.3,22.8,22.1,22.1,21.9,26.5,26.6
2024-09-05 12:06:06,22.4,23.3,22.8,22.1,22.1,21.9,26.5,26.6
2024-09-05 12:06:07,22.4,23.3,22.8,22.1,22.1,21.9,26.5,26.6
2024-09-05 12:06:07,22.4,23.3,22.8,22.1,22.1,21.9,26.5,26.6
2024-09-05 12:06:07,22.4,23.3,22.8,22.1,22.0,21.8,26.5,26.6
2024-09-05 12:06:07,22.4,23.3,22.8,22.1,22.0,21.8,26.5,26.6
2024-09-05 12:06:07,22.4,23.3,22.8,22.1,22.0,21.8,26.5,26.6
2024-09-05 12:06:07,22.4,23.3,22.8,22.1,22.0,21.8,26.6,26.6
2024-09-05 12:06:07,22.4,23.3,22.7,22.1,22.0,21.8,26.6,26.6
2024-09-05 12:06:07,22.4,23.3,22.8,22.1,22.0,21.8,26.5,26.6
2024-09-05 12:06:07,22.4,23.3,22.8,22.1,22.0,21.8,26.5,26.6
2024-09-05 12:06:07,22.4,23.3,22.7,22.1,22.0,21.8,26.5,26.6
2024-09-05 12:06:08,22.4,23.3,22.7,22.1,22.0,21.8,26.5,26.6
2024-09-05 12:06:08,22.3,23.3,22.7,22.1,22.0,21.8,26.5,26.6
2024-09-05 12:06:08,22.3,23.4,22.7,22.1,22.0,21.8,26.5,26.6
2024-09-05 12:06:08,22.3,23.3,22.7,22.1,22.0,21.8,26.5,26.6
2024-09-05 12:06:08,22.3,23.3,22.7,22.1,22.0,21.8,26.6,26.6
2024-09-05 12:06:08,22.3,23.3,22.7,22.1,22.0,21.8,26.5,26.6
2024-09-05 12:06:08,22.3,23.3,22.7,22.1,22.0,21.8,26.5,26.6
2024-09-05 12:06:08,22.3,23.3,22.7,22.1,22.0,21.8,26.6,26.6
2024-09-05 12:06:08,22.3,23.3,22.7,22.1,22.0,21.8,26.5,26.6
2024-09-05 12:06:08,22.3,23.3,22.7,22.1,22.0,21.8,26.5,26.6
2024-09-05 12:06:09,22.3,23.3,22.7,22.1,22.0,21.8,26.5,26.6
2024-09-05 12:06:09,22.3,23.3,22.7,22.1,22.0,21.8,26.5,26.6
2024-09-05 12:06:09,22.3,23.3,22.7,22.1,22.0,21.8,26.5,26.6
2024-09-05 12:06:09,22.3,23.3,22.7,22.1,22.0,21.8,26.5,26.6
2024-09-05 12:06:09,22.3,23.3,22.7,22.1,22.0,21.8,26.5,26.6
2024-09-05 12:06:09,22.3,23.3,22.7,22.1,22.0,21.8,26.5,26.6
2024-09-05 12:06:09,22.3,23.3,22.7,22.1,22.0,21.8,26.5,26.6
2024-09-05 12:06:09,22.3,23.3,22.7,22.1,22.0,21.8,26.5,26.6
2024-09-05 12:06:09,22.3,23.3,22.7,22.1,22.0,21.8,26.5,26.6
2024-09-05 12:06:09,22.3,23.3,22.7,22.1,22.0,21.8,26.5,26.6
2024-09-05 12:06:10,22.3,23.3,22.7,22.1,22.0,21.8,26.5,26.6
2024-09-05 12:06:10,22.3,23.3,22.7,22.1,22.0,21.8,26.5,26.6
2024-09-05 12:06:10,22.3,23.3,22.7,22.1,22.0,21.8,26.5,26.6
2024-09-05 12:06:10,22.3,23.3,22.7,22.1,22.0,21.8,26.5,26.6
2024-09-05 12:06:10,22.3,23.3,22.7,22.1,22.0,21.8,26.5,26.6
2024-09-05 12:06:10,22.3,23.3,22.7,22.1,22.1,21.8,26.5,26.6
2024-09-05 12:06:10,22.3,23.3,22.7,22.1,22.1,21.8,26.5,26.6
2024-09-05 12:06:10,22.4,23.3,22.7,22.1,22.1,21.9,26.5,26.6
2024-09-05 12:06:10,22.4,23.3,22.7,22.1,22.1,21.9,26.5,26.6
2024-09-05 12:06:10,22.4,23.3,22.7,22.1,22.1,21.9,26.5,26.6
2024-09-05 12:06:11,22.4,23.3,22.7,22.1,22.1,21.9,26.5,26.6
2024-09-05 12:06:11,22.4,23.3,22.7,22.1,22.1,21.9,26.5,26.6
2024-09-05 12:06:11,22.4,23.4,22.7,22.1,22.1,21.9,26.5,26.6
2024-09-05 12:06:11,22.4,23.4,22.7,22.1,22.1,21.9,26.5,26.6
2024-09-05 12:06:11,22.4,23.4,22.7,22.1,22.1,21.9,26.5,26.6
2024-09-05 12:06:11,22.4,23.4,22.8,22.2,22.1,21.9,26.5,26.6
2024-09-05 12:06:11,22.4,23.4,22.8,22.2,22.1,21.9,26.5,26.6
2024-09-05 12:06:11,22.4,23.4,22.8,22.2,22.1,21.9,26.5,26.6
2024-09-05 12:06:11,22.4,23.4,22.8,22.2,22.1,21.9,26.5,26.6
2024-09-05 12:06:11,22.4,23.4,22.8,22.2,22.1,21.9,26.5,26.6
2024-09-05 12:06:12,22.4,23.4,22.8,22.2,22.2,21.9,26.6,26.6
2024-09-05 12:06:12,22.4,23.4,22.8,22.2,22.1,21.9,26.6,26.6
2024-09-05 12:06:12,22.4,23.4,22.8,22.2,22.2,22.0,26.5,26.6
2024-09-05 12:06:12,22.4,23.4,22.8,22.2,22.1,22.0,26.6,26.6
2024-09-05 12:06:12,22.4,23.4,22.8,22.2,22.1,21.9,26.5,26.6
2024-09-05 12:06:12,22.4,23.4,22.8,22.2,22.1,21.9,26.5,26.6
2024-09-05 12:06:12,22.4,23.4,22.8,22.2,22.1,22.0,26.5,26.6
2024-09-05 12:06:12,22.4,23.4,22.8,22.2,22.2,22.0,26.5,26.6
2024-09-05 12:06:12,22.4,23.4,22.8,22.2,22.2,22.0,26.5,26.6
2024-09-05 12:06:12,22.4,23.4,22.9,22.2,22.2,22.0,26.5,26.6
2024-09-05 12:06:13,22.4,23.4,22.8,22.2,22.2,22.0,26.5,26.6
2024-09-05 12:06:13,22.4,23.4,22.8,22.2,22.2,22.0,26.5,26.6
2024-09-05 12:06:13,22.4,23.4,22.8,22.2,22.2,22.0,26.5,26.6
2024-09-05 12:06:13,22.4,23.4,22.8,22.2,22.2,22.0,26.5,26.6
2024-09-05 12:06:13,22.4,23.4,22.8,22.2,22.2,22.0,26.5,26.6
2024-09-05 12:06:13,22.4,23.4,22.8,22.2,22.2,22.0,26.5,26.6
2024-09-05 12:06:13,22.4,23.4,22.8,22.2,22.2,22.0,26.5,26.6
2024-09-05 12:06:13,22.4,23.4,22.8,22.2,22.2,22.0,26.5,26.6
2024-09-05 12:06:13,22.4,23.4,22.8,22.2,22.2,22.0,26.5,26.6
2024-09-05 12:06:13,22.4,23.4,22.8,22.2,22.2,22.0,26.5,26.6
2024-09-05 12:06:14,22.4,23.4,22.8,22.1,22.1,22.0,26.5,26.6
2024-09-05 12:06:14,22.4,23.4,22.8,22.1,22.2,22.0,26.5,26.6
2024-09-05 12:06:14,22.4,23.4,22.8,22.1,22.2,22.0,26.5,26.6
2024-09-05 12:06:14,22.4,23.4,22.8,22.2,22.2,22.0,26.5,26.6
2024-09-05 12:06:14,22.4,23.4,22.8,22.1,22.2,22.0,26.5,26.6
2024-09-05 12:06:14,22.4,23.4,22.8,22.2,22.2,22.0,26.5,26.6
2024-09-05 12:06:14,22.5,23.4,22.8,22.2,22.2,22.0,26.5,26.6
2024-09-05 12:06:14,22.5,23.4,22.8,22.2,22.2,22.0,26.5,26.6
2024-09-05 12:06:14,22.4,23.4,22.8,22.2,22.2,22.0,26.5,26.6
2024-09-05 12:06:14,22.5,23.4,22.8,22.2,22.2,22.0,26.5,26.6
2024-09-05 12:06:15,22.5,23.4,22.8,22.2,22.2,22.0,26.5,26.6
2024-09-05 12:06:15,22.4,23.4,22.8,22.2,22.2,22.0,26.5,26.6
2024-09-05 12:06:15,22.4,23.4,22.8,22.2,22.2,22.0,26.5,26.6
2024-09-05 12:06:15,22.5,23.4,22.8,22.2,22.2,22.0,26.5,26.6
2024-09-05 12:06:15,22.5,23.4,22.8,22.2,22.2,22.0,26.5,26.6
2024-09-05 12:06:15,22.5,23.4,22.9,22.2,22.2,22.0,26.5,26.6
2024-09-05 12:06:15,22.5,23.4,22.9,22.2,22.2,22.0,26.5,26.6
2024-09-05 12:06:15,22.5,23.4,22.9,22.2,22.2,22.0,26.5,26.6
2024-09-05 12:06:15,22.5,23.4,22.8,22.2,22.2,22.0,26.5,26.6
2024-09-05 12:06:15,22.5,23.4,22.9,22.2,22.2,22.0,26.5,26.6
2024-09-05 12:06:16,22.5,23.4,22.9,22.2,22.2,22.0,26.5,26.6
2024-09-05 12:06:16,22.5,23.4,22.9,22.2,22.2,22.0,26.5,26.6
2024-09-05 12:06:16,22.5,23.4,22.9,22.2,22.2,22.0,26.5,26.6
2024-09-05 12:06:16,22.5,23.4,22.8,22.2,22.2,22.0,26.5,26.6
2024-09-05 12:06:16,22.5,23.4,22.9,22.2,22.2,22.0,26.5,26.6
2024-09-05 12:06:16,22.5,23.3,22.9,22.2,22.2,22.0,26.5,26.6
2024-09-05 12:06:16,22.5,23.4,22.9,22.2,22.2,22.0,26.5,26.6
2024-09-05 12:06:16,22.5,23.3,22.9,22.3,22.2,22.0,26.5,26.6
2024-09-05 12:06:16,22.5,23.4,22.9,22.2,22.2,22.0,26.5,26.6
2024-09-05 12:06:16,22.5,23.4,22.9,22.2,22.2,22.0,26.5,26.6
2024-09-05 12:06:17,22.5,23.4,22.9,22.3,22.2,22.0,26.5,26.6
2024-09-05 12:06:17,22.5,23.4,22.9,22.3,22.2,22.0,26.5,26.6
2024-09-05 12:06:17,22.5,23.4,22.9,22.3,22.2,22.0,26.5,26.6
2024-09-05 12:06:17,22.5,23.4,22.9,22.3,22.2,22.0,26.5,26.6
2024-09-05 12:06:17,22.5,23.4,22.9,22.3,22.3,22.0,26.5,26.6
2024-09-05 12:06:17,22.5,23.4,22.9,22.3,22.2,22.0,26.5,26.6
2024-09-05 12:06:17,22.5,23.4,22.9,22.3,22.2,22.0,26.5,26.6
2024-09-05 12:06:17,22.5,23.4,22.9,22.3,22.3,22.1,26.5,26.6
2024-09-05 12:06:17,22.5,23.4,22.9,22.3,22.3,22.1,26.5,26.6
2024-09-05 12:06:17,22.6,23.4,22.9,22.3,22.3,22.1,26.5,26.6
2024-09-05 12:06:18,22.5,23.4,22.9,22.3,22.3,22.1,26.5,26.6
2024-09-05 12:06:18,22.5,23.4,22.9,22.3,22.2,22.0,26.5,26.6
2024-09-05 12:06:18,22.5,23.4,22.9,22.3,22.2,22.0,26.5,26.6
2024-09-05 12:06:18,22.5,23.4,22.9,22.3,22.2,22.0,26.5,26.6
2024-09-05 12:06:18,22.5,23.4,22.9,22.3,22.3,22.1,26.5,26.6
2024-09-05 12:06:18,22.5,23.4,22.9,22.3,22.3,22.0,26.5,26.6
2024-09-05 12:06:18,22.5,23.4,22.9,22.3,22.3,22.0,26.5,26.6
2024-09-05 12:06:18,22.5,23.4,22.9,22.3,22.3,22.0,26.5,26.6
2024-09-05 12:06:18,22.5,23.4,22.9,22.3,22.3,22.0,26.5,26.6
2024-09-05 12:06:18,22.5,23.4,22.9,22.3,22.3,22.0,26.5,26.6
2024-09-05 12:06:19,22.5,23.4,22.9,22.3,22.2,22.0,26.5,26.6
2024-09-05 12:06:19,22.5,23.4,22.9,22.3,22.2,22.0,26.5,26.6
2024-09-05 12:06:19,22.5,23.4,22.9,22.3,22.3,22.0,26.5,26.6
2024-09-05 12:06:19,22.5,23.4,22.9,22.3,22.3,22.0,26.5,26.6
2024-09-05 12:06:19,22.5,23.4,22.9,22.3,22.3,22.0,26.5,26.6
2024-09-05 12:06:19,22.5,23.4,22.9,22.3,22.3,22.0,26.5,26.6
2024-09-05 12:06:19,22.5,23.4,22.9,22.3,22.2,22.0,26.5,26.6
2024-09-05 12:06:19,22.5,23.4,22.9,22.3,22.3,22.0,26.5,26.6
2024-09-05 12:06:19,22.5,23.4,22.9,22.3,22.2,22.0,26.5,26.6
2024-09-05 12:06:19,22.5,23.4,22.9,22.3,22.2,22.0,26.5,26.6
2024-09-05 12:06:20,22.5,23.4,22.9,22.3,22.2,22.0,26.5,26.6
2024-09-05 12:06:20,22.5,23.4,22.9,22.2,22.2,22.0,26.5,26.6
2024-09-05 12:06:20,22.5,23.4,22.9,22.3,22.2,22.0,26.5,26.6
2024-09-05 12:06:20,22.5,23.4,22.9,22.3,22.2,22.0,26.5,26.6
2024-09-05 12:06:20,22.5,23.4,22.9,22.3,22.3,22.0,26.5,26.6
2024-09-05 12:06:20,22.6,23.4,22.9,22.3,22.2,22.0,26.5,26.6
2024-09-05 12:06:20,22.6,23.4,22.9,22.3,22.3,22.1,26.5,26.6
2024-09-05 12:06:20,22.5,23.4,22.9,22.3,22.3,22.0,26.5,26.6
2024-09-05 12:06:20,22.5,23.4,22.9,22.3,22.3,22.1,26.5,26.6
2024-09-05 12:06:20,22.6,23.4,22.9,22.3,22.3,22.0,26.5,26.6
2024-09-05 12:06:21,22.5,23.4,22.9,22.3,22.3,22.0,26.5,26.6
2024-09-05 12:06:21,22.6,23.4,22.9,22.3,22.3,22.1,26.5,26.6
2024-09-05 12:06:21,22.6,24.1,22.9,22.3,22.8,22.1,26.5,26.6
2024-09-05 12:06:21,22.8,24.1,22.9,22.3,25.5,22.1,26.5,26.6
2024-09-05 12:06:21,23.3,26.1,22.9,22.3,29.6,22.0,26.5,26.6
2024-09-05 12:06:21,25.1,28.1,22.9,22.3,33.5,22.0,26.5,26.6
2024-09-05 12:06:21,29.0,30.1,22.9,22.3,37.1,22.1,26.5,26.6
2024-09-05 12:06:21,33.7,32.0,22.9,22.3,40.5,22.1,26.5,26.6
2024-09-05 12:06:21,38.6,33.8,22.9,22.4,43.8,22.1,26.5,26.6
2024-09-05 12:06:21,44.1,35.5,23.0,22.4,47.0,22.1,26.5,26.6
2024-09-05 12:06:22,50.0,37.2,23.0,22.4,50.0,22.1,26.5,26.6
2024-09-05 12:06:22,56.9,38.8,23.0,22.4,52.9,22.1,26.5,26.6
2024-09-05 12:06:22,56.9,40.3,23.0,22.4,55.3,22.1,26.5,26.6
2024-09-05 12:06:22,66.0,41.1,23.0,22.4,55.4,22.1,26.5,26.6
2024-09-05 12:06:22,76.8,40.6,23.0,22.4,54.3,22.1,26.5,26.6
2024-09-05 12:06:22,87.6,40.0,23.0,22.4,53.3,22.1,26.5,26.6
2024-09-05 12:06:22,97.1,39.5,23.0,22.5,52.5,22.2,26.5,26.6
2024-09-05 12:06:22,104.2,39.0,23.1,22.4,52.5,22.2,26.5,26.6
2024-09-05 12:06:22,110.4,38.5,23.9,22.5,51.8,22.1,26.5,26.6
2024-09-05 12:06:22,116.1,38.1,27.2,22.5,51.1,22.2,26.5,26.6
2024-09-05 12:06:23,121.0,37.7,33.7,22.6,50.5,22.2,26.5,26.6
2024-09-05 12:06:23,125.3,37.3,42.7,22.6,50.0,22.2,26.5,26.6
2024-09-05 12:06:23,128.3,37.0,54.0,22.6,49.4,22.2,26.5,26.6
2024-09-05 12:06:23,128.8,36.6,66.9,22.6,48.9,22.2,26.5,26.6
2024-09-05 12:06:23,127.1,36.3,81.2,22.6,48.4,22.2,26.5,26.6
2024-09-05 12:06:23,124.9,36.0,96.3,22.7,47.7,22.2,26.5,26.6
2024-09-05 12:06:23,122.8,35.8,110.6,22.7,47.0,22.2,26.5,26.6
2024-09-05 12:06:23,120.7,35.5,123.5,22.8,46.4,22.2,26.5,26.6
2024-09-05 12:06:23,118.6,35.3,134.8,22.8,45.9,22.2,26.5,26.6
2024-09-05 12:06:23,116.6,35.0,142.8,23.0,45.4,22.2,26.5,26.6
2024-09-05 12:06:24,114.6,34.8,147.0,24.9,45.0,22.2,26.5,26.6
2024-09-05 12:06:24,112.7,34.8,147.0,30.5,44.9,22.2,26.5,26.6
2024-09-05 12:06:24,110.8,34.6,148.1,38.8,44.9,22.3,26.5,26.6
2024-09-05 12:06:24,109.0,34.6,146.3,48.8,45.3,22.2,26.5,26.6
2024-09-05 12:06:24,107.2,34.9,142.2,61.0,45.3,22.2,26.5,26.6
2024-09-05 12:06:24,105.4,35.4,136.3,75.3,46.1,22.2,26.5,26.6
2024-09-05 12:06:24,103.7,36.0,129.3,92.1,47.2,22.2,26.5,26.6
2024-09-05 12:06:24,102.1,37.5,123.0,111.8,49.8,22.3,26.5,26.6
2024-09-05 12:06:24,102.1,37.5,117.8,134.3,49.8,22.3,26.5,26.6
2024-09-05 12:06:24,100.4,38.4,113.4,158.0,51.3,22.3,26.5,26.6
2024-09-05 12:06:25,98.8,39.4,109.5,179.7,53.0,22.4,26.5,26.6
2024-09-05 12:06:25,97.3,40.3,106.0,197.1,54.8,22.3,26.5,26.6
2024-09-05 12:06:25,95.7,41.2,102.7,210.5,56.9,22.4,26.5,26.6
2024-09-05 12:06:25,94.3,41.9,99.7,220.7,60.8,22.4,26.5,26.6
2024-09-05 12:06:25,93.6,42.3,96.9,227.5,65.4,22.4,26.5,26.6
2024-09-05 12:06:25,94.8,42.5,94.4,231.2,70.1,22.4,26.5,26.6
2024-09-05 12:06:25,98.1,42.6,91.9,231.5,75.4,22.4,26.5,26.6
2024-09-05 12:06:25,103.4,42.5,89.5,228.2,82.7,22.4,26.5,26.6
2024-09-05 12:06:25,109.4,42.7,87.2,221.6,93.1,22.4,26.5,26.6
2024-09-05 12:06:25,115.4,43.6,84.9,213.4,93.1,22.4,26.5,26.6
2024-09-05 12:06:26,121.7,45.3,84.9,205.0,106.4,22.4,26.5,26.6
2024-09-05 12:06:26,128.9,47.3,82.8,196.6,122.2,22.4,26.5,26.6
2024-09-05 12:06:26,138.2,49.2,80.9,188.9,138.1,22.4,26.5,26.6
2024-09-05 12:06:26,148.8,51.0,79.0,182.1,152.5,22.4,26.5,26.6
2024-09-05 12:06:26,158.5,52.6,77.2,175.9,164.1,22.4,26.5,26.6
2024-09-05 12:06:26,166.4,54.3,75.4,170.2,173.8,22.4,26.5,26.6
2024-09-05 12:06:26,172.2,54.3,73.8,164.9,182.4,22.4,26.5,26.6
2024-09-05 12:06:26,177.3,55.8,72.3,160.0,189.4,22.4,26.5,26.6
2024-09-05 12:06:26,183.7,57.3,70.9,155.4,193.6,22.4,26.5,26.6
2024-09-05 12:06:26,191.6,58.4,69.5,155.4,194.1,22.4,26.5,26.6
2024-09-05 12:06:27,191.6,58.6,68.1,151.0,191.1,22.4,26.5,26.6
2024-09-05 12:06:27,200.9,57.8,66.9,147.0,184.9,22.4,26.5,26.6
2024-09-05 12:06:27,210.9,56.8,65.7,143.0,178.6,22.4,26.5,26.6
2024-09-05 12:06:27,220.3,56.1,64.5,139.3,174.5,22.4,26.5,26.6
2024-09-05 12:06:27,228.7,55.9,63.4,135.7,171.2,22.4,26.5,26.6
2024-09-05 12:06:27,236.9,56.0,62.3,132.3,168.2,22.4,26.5,26.6
2024-09-05 12:06:27,244.8,56.1,61.5,129.1,168.2,22.4,26.5,26.6
2024-09-05 12:06:27,252.3,56.2,62.7,126.0,165.6,22.4,26.5,26.6
2024-09-05 12:06:27,258.2,56.3,66.9,123.1,163.1,22.4,26.5,26.6
2024-09-05 12:06:27,261.8,56.4,73.7,120.2,160.9,22.4,26.5,26.6
2024-09-05 12:06:28,263.6,56.6,73.7,117.5,158.7,22.4,26.5,26.6
2024-09-05 12:06:28,263.6,56.7,83.0,114.8,156.8,22.4,26.5,26.6
2024-09-05 12:06:28,261.5,56.8,94.7,112.3,155.0,22.4,26.5,26.6
2024-09-05 12:06:28,257.7,56.8,107.2,109.9,153.0,22.4,26.5,26.6
2024-09-05 12:06:28,253.3,56.2,119.0,107.6,149.8,22.4,26.5,26.6
2024-09-05 12:06:28,249.4,55.4,130.4,105.3,146.3,22.4,26.5,26.6
2024-09-05 12:06:28,247.3,54.7,141.3,103.2,143.0,22.4,26.5,26.6
2024-09-05 12:06:28,247.6,54.1,151.6,101.1,139.9,22.4,26.5,26.6
2024-09-05 12:06:28,250.2,53.5,159.4,99.1,136.8,22.4,26.5,26.6
2024-09-05 12:06:28,255.6,52.8,164.0,97.1,133.9,22.4,26.5,26.6
2024-09-05 12:06:29,264.0,52.3,165.5,95.3,131.1,22.3,26.5,26.6
2024-09-05 12:06:29,274.8,51.7,164.1,93.4,128.6,22.4,26.5,26.6
2024-09-05 12:06:29,286.4,51.5,159.9,91.6,128.6,22.4,26.5,26.6
2024-09-05 12:06:29,297.9,51.5,154.8,90.3,127.5,22.4,26.5,26.6
2024-09-05 12:06:29,297.9,51.8,150.3,91.0,127.3,22.4,26.5,26.6
2024-09-05 12:06:29,309.2,52.3,146.8,95.6,127.1,22.4,26.5,26.6
2024-09-05 12:06:29,319.8,52.7,144.8,104.2,127.0,22.4,26.5,26.6
2024-09-05 12:06:29,328.4,53.2,145.0,117.0,126.9,22.4,26.5,26.6
2024-09-05 12:06:29,334.3,53.6,147.1,133.4,126.9,22.4,26.5,26.6
2024-09-05 12:06:29,338.0,54.0,150.0,152.7,126.9,22.4,26.5,26.6
2024-09-05 12:06:30,338.8,54.5,150.0,172.4,126.9,22.4,26.5,26.6
2024-09-05 12:06:30,336.6,54.9,153.2,191.2,127.0,22.5,26.5,26.6
2024-09-05 12:06:30,331.9,55.4,156.4,209.4,127.0,22.5,26.5,26.6
2024-09-05 12:06:30,326.3,55.5,159.7,226.5,125.6,22.5,26.5,26.6
2024-09-05 12:06:30,320.6,55.0,162.9,240.8,123.3,22.5,26.5,26.6
2024-09-05 12:06:30,315.0,54.6,166.1,250.8,121.0,22.5,26.5,26.6
2024-09-05 12:06:30,309.5,54.0,168.7,256.2,118.9,22.5,26.5,26.6
2024-09-05 12:06:30,304.1,53.5,170.1,256.2,116.9,22.6,26.5,26.6
2024-09-05 12:06:30,298.8,53.0,169.3,257.1,114.9,22.6,26.5,26.6
2024-09-05 12:06:30,293.5,52.5,167.0,254.0,112.9,22.7,26.5,26.6
2024-09-05 12:06:31,288.4,52.0,164.0,247.9,111.1,22.6,26.5,26.6
2024-09-05 12:06:31,283.4,51.5,160.8,241.2,111.1,22.7,26.5,26.6
2024-09-05 12:06:31,278.4,51.0,157.8,235.0,109.3,22.7,26.5,26.6
2024-09-05 12:06:31,273.6,50.5,154.8,229.2,107.4,22.7,26.5,26.6
2024-09-05 12:06:31,268.8,50.1,151.9,223.7,105.7,22.7,26.5,26.6
2024-09-05 12:06:31,264.1,49.6,149.0,218.4,103.9,22.7,26.5,26.6
2024-09-05 12:06:31,259.5,49.2,146.2,213.4,102.2,22.7,26.5,26.6
2024-09-05 12:06:31,255.0,48.8,143.5,208.5,100.5,22.7,26.5,26.6
2024-09-05 12:06:31,255.0,48.4,140.8,203.9,98.9,22.7,26.5,26.6
2024-09-05 12:06:31,250.6,48.1,138.2,199.4,97.4,22.7,26.5,26.6
2024-09-05 12:06:32,246.3,48.1,138.2,195.1,95.8,22.7,26.5,26.6
2024-09-05 12:06:32,242.1,47.7,135.6,190.9,94.3,22.8,26.5,26.6
2024-09-05 12:06:32,238.1,47.3,133.1,186.9,92.9,22.7,26.5,26.6
2024-09-05 12:06:32,234.1,47.0,130.6,183.0,91.4,22.7,26.5,26.6
2024-09-05 12:06:32,230.1,46.6,128.2,179.2,90.0,22.7,26.5,26.6
2024-09-05 12:06:32,226.3,46.3,125.8,175.5,88.7,22.7,26.5,26.6
2024-09-05 12:06:32,222.6,45.9,123.5,171.9,88.7,22.7,26.5,26.6
2024-09-05 12:06:32,218.9,45.6,121.2,168.4,87.4,22.7,26.5,26.6
2024-09-05 12:06:32,215.3,45.3,119.0,164.9,86.1,22.7,26.5,26.6
2024-09-05 12:06:32,211.8,45.0,116.8,161.6,84.8,22.7,26.5,26.6
2024-09-05 12:06:33,208.3,44.6,114.7,158.4,83.5,22.7,26.5,26.6
2024-09-05 12:06:33,204.9,44.3,112.6,155.2,82.3,22.7,26.5,26.6
2024-09-05 12:06:33,201.6,44.0,110.6,152.0,81.0,22.7,26.5,26.6
2024-09-05 12:06:33,198.4,43.7,108.6,149.0,79.9,22.7,26.5,26.6
2024-09-05 12:06:33,195.1,43.4,106.7,146.0,78.7,22.7,26.5,26.6
2024-09-05 12:06:33,192.0,43.0,104.8,143.1,77.6,22.6,26.5,26.6
2024-09-05 12:06:33,188.9,42.7,102.9,140.3,76.4,22.6,26.5,26.6
2024-09-05 12:06:33,185.9,42.5,101.1,137.5,75.4,22.6,26.5,26.6
2024-09-05 12:06:33,183.0,42.2,99.4,137.5,74.3,22.6,26.5,26.6
2024-09-05 12:06:33,180.1,41.9,99.4,134.9,73.3,22.6,26.5,26.6
2024-09-05 12:06:34,177.3,41.6,97.7,132.3,72.3,22.6,26.5,26.6
2024-09-05 12:06:34,174.5,41.4,96.0,129.7,71.2,22.6,26.5,26.6
